32
11 20 26 13 6 12 22 14 16 5 24 16 19 3 8 17 22 31 0 24 7 12 4 23 19 17 12 20 10 10 30 21
12 0 12 16 28 11 9 14 7 22 20 7 9 11 5 2 23 25 9 1 7 31 5 7 2 19 30 15 25 25 8 28
31 30 21 29 26 7 28 5 4 5 20 26 25 11 17 21 20 31 29 25 8 14 8 29 2 12 9 25 24 6 8 7
0 11 13 24 11 11 11 4 0 14 23 24 14 29 10 17 2 17 23 27 31 27 25 27 20 25 20 10 24 4 22 19
27 23 18 17 30 22 4 10 10 1 8 10 21 21 15 29 8 19 4 24 10 22 22 21 16 9 0 22 13 16 14 0
11 30 5 26 4 23 16 25 21 16 28 14 30 3 31 6 25 8 12 14 29 4 27 25 2 23 7 2 4 2 13 7
21 3 28 30 11 29 25 28 0 7 2 14 16 11 14 27 19 26 30 10 28 19 0 26 20 19 11 26 1 19 28 23
17 20 19 9 17 19 14 28 16 23 15 0 1 9 11 31 0 7 7 10 30 22 19 14 0 30 1 9 29 15 14 26
3 20 10 19 25 7 28 21 7 18 22 13 9 2 1 31 28 9 1 6 27 23 19 16 15 31 4 8 19 8 13 13
9 5 7 20 30 18 1 26 13 14 14 16 8 8 28 3 10 28 15 0 24 0 28 15 4 21 6 17 22 20 19 22
26 10 10 0 2 17 18 24 25 12 19 7 8 12 6 9 4 0 31 21 9 29 10 19 21 8 16 22 26 20 28 20
11 3 6 22 5 12 0 11 3 3 25 14 24 7 15 30 5 26 22 5 18 12 8 7 11 31 28 26 4 5 31 17
10 8 5 17 27 19 31 10 16 16 24 16 7 25 11 12 8 21 31 20 17 10 30 9 12 27 31 29 0 27 12 1
23 17 21 18 9 23 30 3 22 13 4 2 24 11 10 2 25 4 29 10 19 24 15 12 0 22 5 17 12 0 21 17
14 20 14 14 22 13 15 29 25 13 16 25 23 17 17 9 21 25 12 16 6 0 26 7 7 16 15 5 25 15 10 24
16 11 14 31 0 26 12 10 7 15 18 20 28 23 21 9 16 8 16 17 17 28 27 31 16 28 3 31 5 11 20 13
5 18 22 7 14 7 1 8 15 1 5 12 0 10 14 23 25 2 11 8 22 10 0 6 21 2 31 6 3 23 7 25
2 8 19 3 3 25 24 28 28 25 19 7 15 15 24 22 4 6 0 14 3 11 1 2 1 0 26 20 0 27 31 27
5 22 28 22 28 30 31 17 25 18 10 1 1 3 21 5 16 25 26 30 10 26 1 22 11 19 19 7 28 12 26 16
6 2 14 28 5 14 8 13 25 0 20 29 2 11 0 25 18 16 29 17 11 15 7 13 3 18 13 14 10 24 29 30
18 27 5 20 16 22 11 10 5 17 15 27 12 25 19 22 15 6 7 25 22 28 23 25 3 6 11 1 25 21 27 25
10 15 17 10 18 2 14 12 12 17 9 27 22 26 14 15 20 28 12 3 5 27 28 21 26 11 14 2 14 1 13 17
1 1 1 12 0 13 22 14 13 19 4 19 11 20 4 8 13 4 17 5 15 23 1 18 23 26 8 29 29 22 10 6
30 10 12 5 6 28 0 8 13 0 2 8 30 9 18 8 13 8 16 31 17 6 7 8 21 19 18 16 8 28 12 22
15 25 0 8 9 26 0 19 24 14 13 16 10 4 29 31 17 15 16 1 23 2 31 3 4 4 5 7 22 27 10 5
22 12 5 31 20 0 5 5 11 18 23 16 8 12 19 28 22 17 19 1 10 17 4 4 24 23 2 14 7 10 26 12
30 11 31 3 3 19 31 21 2 27 30 15 29 8 30 31 0 9 15 11 3 15 25 24 14 13 17 18 16 21 7 0
18 31 11 3 0 16 3 31 16 19 24 15 7 29 12 17 29 24 19 24 6 12 4 19 4 14 3 31 24 24 3 18
20 16 8 1 2 2 11 7 16 3 2 5 9 1 5 14 24 13 20 25 13 26 2 13 4 6 25 18 8 25 26 15
28 15 18 22 14 15 29 28 5 29 27 13 11 9 14 20 11 9 12 21 31 11 21 9 25 21 16 14 6 21 14 17
28 28 26 10 25 12 18 7 29 9 15 10 3 15 29 22 4 31 21 8 25 28 0 15 1 5 4 24 10 8 25 18
23 13 18 3 0 26 31 28 31 14 27 16 17 14 25 30 29 20 1 28 30 12 25 25 9 1 16 2 18 31 11 11
