64
28 37 13 12 15 22 58 63 45 45 9 25 53 61 0 26 47 32 13 62 8 31 12 39 61 11 56 48 56 14 41 51 4 1 29 4 2 28 32 18 63 58 12 11 37 62 26 35 43 25 10 14 20 61 0 57 29 37 40 42 13 13 32 19
20 35 11 18 62 45 3 44 2 0 23 2 35 12 24 52 12 14 49 21 30 23 44 24 7 2 19 20 19 2 52 10 7 44 61 23 13 50 32 36 3 18 29 16 0 29 50 8 59 18 7 32 12 10 20 60 9 25 55 34 23 33 3 35
19 30 24 14 15 0 14 13 33 46 11 17 44 14 34 40 62 57 12 29 44 60 55 58 26 58 56 51 7 53 40 2 53 60 27 38 29 10 61 36 8 33 17 24 62 47 30 60 1 62 55 20 39 3 23 0 50 8 25 54 15 47 19 55
49 30 0 39 58 16 25 9 39 61 20 16 21 2 39 49 0 46 3 1 7 42 4 10 23 63 45 52 27 2 31 30 48 27 3 26 54 22 14 4 15 1 2 59 43 33 14 53 52 53 0 42 3 27 46 63 2 59 8 12 15 24 34 34
19 56 23 12 43 13 53 31 27 2 26 49 44 26 52 31 62 43 23 62 52 57 23 8 46 14 39 47 11 24 49 61 56 43 49 54 61 7 0 15 26 48 63 3 46 3 26 52 5 28 4 34 42 11 31 6 44 24 30 34 50 16 6 24
52 13 43 3 43 16 51 42 18 34 21 54 43 34 7 51 37 62 17 43 47 15 45 39 43 24 30 35 1 10 25 7 62 30 21 22 1 30 39 12 1 31 5 35 25 46 13 15 34 43 16 51 1 34 29 52 57 30 44 26 60 26 40 10
29 57 42 52 59 25 55 29 56 11 48 53 29 46 23 50 6 43 55 27 55 35 34 10 62 55 33 4 51 18 28 23 1 12 3 43 9 24 22 59 25 22 19 54 26 8 7 5 31 27 51 19 58 46 52 9 18 60 8 37 62 10 10 0
53 63 22 40 47 43 6 24 38 20 0 10 12 1 16 15 33 58 27 19 54 22 2 41 56 41 12 5 46 1 8 14 59 51 25 19 52 36 45 43 7 42 8 4 2 46 11 3 60 2 3 49 12 39 46 19 31 32 19 52 4 63 1 31
31 35 45 28 50 3 52 44 47 48 57 53 4 58 18 10 34 33 28 22 33 11 61 26 27 12 2 29 42 29 12 19 25 18 7 10 23 42 63 50 48 25 51 49 28 30 42 46 42 27 61 62 20 36 42 7 63 58 16 50 52 34 36 57
55 62 29 11 21 29 23 48 21 9 37 57 7 38 4 16 53 18 1 36 41 35 14 12 5 9 3 53 7 53 16 13 17 13 39 25 14 15 57 31 63 38 44 63 54 7 52 55 43 42 28 63 7 9 59 14 49 35 31 15 50 38 34 44
26 27 10 31 23 58 5 59 42 28 56 24 38 7 8 25 26 58 24 26 12 48 23 24 12 47 21 2 25 62 21 8 40 49 44 47 57 1 38 31 28 26 51 62 18 30 32 33 36 6 51 1 55 59 19 21 10 30 42 2 17 40 35 49
55 54 50 38 55 35 48 23 16 58 31 39 41 21 53 11 10 23 61 0 9 11 5 11 44 12 61 31 28 53 3 54 42 5 14 36 4 24 44 16 47 26 24 2 44 14 58 52 46 15 59 21 57 7 39 21 50 24 61 2 32 25 52 16
13 0 55 15 26 40 22 36 38 36 4 50 33 31 48 52 55 58 34 51 14 17 36 13 4 2 37 44 18 18 12 8 1 53 61 62 26 45 17 45 8 50 14 29 5 55 39 63 10 33 22 20 1 15 28 37 56 46 48 62 35 41 14 60
6 42 19 25 10 38 9 53 53 18 4 57 38 47 52 49 36 54 3 9 21 43 62 30 26 26 25 59 0 2 17 31 31 28 18 53 3 47 7 27 25 8 26 34 22 54 45 30 42 57 29 21 49 4 20 60 11 57 2 19 24 22 1 48
0 6 7 14 36 24 20 25 1 10 1 5 45 21 56 61 37 35 0 33 61 21 30 8 33 14 10 7 14 4 8 24 10 54 29 40 1 42 38 34 57 35 51 37 3 31 51 26 61 11 8 43 4 42 19 13 42 51 45 31 0 6 31 35
29 12 20 25 46 15 58 43 39 63 29 38 30 12 17 44 21 51 9 13 41 9 25 19 56 7 18 15 12 42 15 8 62 36 20 2 33 24 37 33 25 55 15 17 51 44 51 28 18 46 8 60 42 18 4 46 49 61 19 1 8 2 16 5
63 60 2 51 41 23 37 35 12 6 45 63 30 40 58 30 57 16 27 36 0 55 57 52 28 2 34 44 62 14 24 37 7 50 59 0 26 57 1 25 53 29 60 21 24 24 56 42 6 47 23 51 63 21 53 46 13 51 58 29 17 37 5 50
30 58 20 28 10 7 54 25 38 50 22 36 19 38 31 32 17 58 39 38 44 7 22 36 37 26 54 53 51 22 57 57 21 4 31 48 39 10 26 50 20 7 1 31 16 21 40 11 37 43 20 1 51 32 40 49 18 52 62 33 23 47 13 61
37 33 54 1 3 16 35 50 44 48 24 27 0 13 31 32 9 44 39 54 39 8 27 57 39 28 27 21 27 1 42 11 29 1 22 22 37 17 1 19 36 9 4 28 31 2 44 35 61 53 26 16 31 43 53 11 56 49 16 54 27 57 2 22
44 55 48 1 63 40 36 47 16 15 1 56 45 27 14 9 12 12 40 22 52 25 63 15 19 34 17 56 8 8 2 62 49 17 8 27 34 46 31 40 47 12 23 15 25 36 31 24 7 21 7 13 39 31 56 12 48 37 47 34 0 48 37 63
1 54 62 41 15 63 14 40 1 56 43 16 58 1 22 39 3 23 36 57 40 57 24 37 8 31 37 47 61 27 45 39 28 47 13 37 10 41 62 37 13 34 35 41 44 7 2 12 38 35 26 58 45 44 25 49 47 48 43 14 23 29 28 0
24 51 44 8 50 43 49 56 54 57 42 43 5 41 8 24 40 59 44 33 39 46 1 26 7 46 43 24 13 57 47 3 57 5 26 61 18 23 27 11 35 15 44 38 1 0 60 25 18 61 8 8 14 19 12 48 26 34 0 33 51 3 32 5
32 32 1 19 59 26 36 58 32 35 10 29 37 6 6 60 41 34 11 31 5 61 8 53 45 28 35 44 40 44 39 58 30 53 40 10 12 62 34 39 47 58 55 42 51 44 29 53 37 11 27 12 16 62 6 28 9 58 7 61 37 2 55 57
62 0 24 54 7 63 57 39 39 12 62 58 25 19 54 5 54 39 15 42 56 5 3 20 60 18 42 16 54 63 33 27 63 62 4 57 19 37 28 21 32 2 18 44 32 44 46 54 42 1 33 0 21 18 6 23 58 13 54 25 8 21 40 0
0 38 17 62 33 0 40 50 60 27 8 45 57 33 51 37 62 45 17 3 31 56 60 17 24 42 60 27 16 45 30 5 19 2 11 56 9 45 5 9 56 61 18 5 8 0 25 7 42 10 40 53 16 7 12 58 58 19 56 44 49 39 20 48
4 10 4 38 9 16 2 42 26 12 24 7 6 11 34 35 34 35 0 20 42 23 29 61 47 5 50 42 44 57 5 50 15 2 54 42 61 6 11 29 39 52 54 45 55 15 40 42 57 40 7 17 14 21 40 36 46 63 12 23 4 32 61 5
53 62 29 57 52 47 37 38 6 24 50 14 12 8 19 4 58 20 61 56 37 59 13 52 38 32 41 7 50 54 63 18 8 41 27 56 1 63 54 20 1 25 1 48 60 57 56 31 47 57 43 53 6 5 39 35 50 6 60 33 41 7 19 30
29 47 16 45 15 40 33 36 6 6 63 22 57 20 62 22 54 56 37 48 12 49 32 63 59 23 59 9 38 7 20 41 30 9 49 57 27 63 29 2 57 39 32 29 16 25 47 29 38 10 49 50 23 2 63 1 58 57 2 61 53 25 19 41
27 56 16 2 38 23 53 23 63 27 50 8 18 48 17 43 39 4 63 28 61 23 24 3 5 48 49 52 37 20 5 51 4 0 45 16 41 44 29 49 23 26 53 11 5 62 31 54 39 18 41 41 33 13 7 26 21 9 15 41 57 19 28 60
23 45 9 24 37 9 56 9 19 25 49 36 22 43 42 9 58 43 49 41 42 62 3 54 58 21 22 10 26 37 10 55 24 53 16 33 25 36 7 53 40 7 24 55 25 47 19 23 14 53 31 39 45 36 38 27 61 31 41 16 50 53 18 46
59 15 5 31 27 47 3 19 17 22 59 59 38 52 6 52 7 24 48 52 16 40 35 60 26 45 60 32 39 49 32 38 60 40 25 9 19 20 58 38 25 15 56 15 49 14 58 54 39 32 47 55 5 2 31 24 54 13 57 45 28 31 30 56
6 62 56 4 52 2 7 22 32 11 40 55 30 49 27 40 59 31 61 42 39 16 41 23 61 45 53 39 10 12 27 47 29 15 8 56 32 47 58 18 43 16 46 33 47 34 18 44 18 9 19 41 5 55 36 4 5 8 54 55 32 45 2 15
42 6 61 62 46 55 63 6 50 37 22 16 42 40 24 45 52 40 30 27 9 21 42 49 4 4 60 14 32 28 11 55 19 44 5 2 60 25 8 56 9 28 1 0 11 27 50 15 51 17 14 39 21 23 63 54 33 46 8 22 5 0 11 22
22 53 63 14 63 40 26 57 35 63 60 6 32 25 56 28 28 39 7 42 5 31 59 15 40 10 57 63 44 39 29 21 39 19 14 40 60 53 43 6 31 56 1 57 33 7 8 49 23 30 43 17 23 46 54 28 3 40 42 55 57 59 61 37
16 60 62 39 61 51 25 25 17 7 51 51 25 36 25 49 38 2 3 14 51 25 48 35 24 38 47 40 57 62 37 10 54 47 0 9 17 62 31 23 2 18 54 50 13 62 60 51 60 27 28 38 24 11 11 49 49 57 39 43 49 35 9 17
3 45 54 43 26 29 2 48 62 31 45 44 19 50 37 0 44 53 23 58 50 16 6 35 62 34 13 48 47 63 47 62 47 48 13 37 56 45 18 6 57 7 16 1 37 26 24 46 53 50 46 38 42 63 5 10 10 19 38 26 43 21 44 46
25 39 32 57 62 38 12 47 44 21 44 45 8 54 12 57 25 45 0 60 3 49 15 22 17 49 42 10 12 28 6 57 32 59 27 40 16 62 52 19 63 52 24 51 37 36 55 46 17 62 34 28 56 6 38 51 5 14 38 50 55 15 0 36
49 41 17 53 29 53 6 12 38 41 31 59 28 7 3 31 34 58 62 46 42 36 61 57 54 17 60 54 47 27 38 44 20 18 38 12 40 32 60 35 48 7 34 39 43 17 26 31 5 1 19 47 19 20 15 30 20 42 26 1 32 41 16 1
49 53 24 7 6 33 12 0 4 45 37 10 27 47 34 38 25 46 44 49 20 9 1 50 62 4 27 4 14 47 48 12 23 58 5 46 31 33 41 41 35 37 60 36 22 6 37 24 61 0 14 15 37 7 26 20 55 28 12 4 10 53 7 47
37 43 57 8 18 1 54 19 13 19 30 30 49 28 2 7 7 40 6 12 40 53 43 2 3 9 26 38 30 25 16 3 52 58 37 31 53 14 47 18 5 56 42 43 52 4 19 12 17 6 43 51 18 6 53 57 20 1 7 33 52 32 63 38
41 15 63 8 33 35 0 52 8 30 19 18 15 51 47 32 50 40 44 63 45 57 34 17 11 5 28 52 55 5 53 61 42 55 25 30 2 22 25 16 39 24 47 15 8 9 60 16 28 37 55 24 57 49 43 32 33 18 17 31 27 4 59 12
43 20 9 15 52 22 26 52 56 33 43 37 56 16 29 10 55 9 42 8 28 15 31 57 51 45 6 26 7 24 55 24 17 10 20 21 16 0 13 11 36 28 16 25 25 63 42 23 59 32 48 49 27 12 26 47 38 29 32 63 38 49 1 25
20 12 50 10 46 41 4 11 56 13 44 32 17 46 21 38 44 20 20 29 53 55 47 49 38 59 12 19 10 57 51 3 29 18 1 31 13 60 8 14 27 16 51 18 51 3 34 33 35 63 16 25 29 6 19 44 63 11 8 55 17 51 57 61
36 19 23 36 33 2 49 25 8 26 43 37 34 41 61 41 51 40 8 60 60 24 47 3 17 54 32 43 23 30 13 53 45 37 47 25 18 31 39 42 15 32 46 54 8 33 45 25 7 46 41 27 48 51 48 13 5 58 28 8 2 22 62 17
57 61 3 27 9 35 28 63 18 42 4 48 10 20 42 19 8 31 1 38 31 36 41 17 54 25 1 2 57 59 8 38 37 42 46 32 31 55 34 63 16 20 4 36 1 40 28 51 13 40 18 25 2 22 56 26 52 43 46 57 52 42 55 19
1 24 60 26 52 50 42 63 7 8 53 45 33 57 34 18 35 58 33 7 43 15 31 40 41 5 38 51 3 22 0 27 46 51 35 3 12 8 22 55 0 3 31 21 33 16 31 27 40 23 51 7 3 58 39 47 25 22 0 21 42 37 20 53
60 20 0 55 32 47 38 7 32 36 28 27 62 49 45 38 7 20 4 48 4 34 36 47 38 45 32 29 30 54 21 1 53 48 0 54 11 58 0 44 30 47 18 51 25 17 8 28 49 18 26 35 33 49 54 31 51 36 19 31 63 5 21 51
25 33 44 23 23 46 18 21 4 53 34 54 0 49 24 9 34 10 40 45 42 2 31 40 3 29 7 1 6 16 61 5 43 11 37 10 41 56 26 52 59 28 45 42 41 56 46 20 43 53 55 61 23 24 39 17 18 58 14 31 45 20 41 3
18 37 16 50 35 60 43 28 39 24 1 8 54 3 41 22 23 55 7 31 16 5 48 30 9 12 33 40 1 46 32 56 23 37 0 63 11 32 55 27 1 17 10 9 0 3 50 25 16 34 56 30 47 41 44 41 46 53 55 58 49 55 43 59
7 23 16 52 15 20 53 59 30 52 17 59 2 54 12 52 34 19 34 15 22 21 15 39 19 62 47 35 2 43 21 7 4 7 29 43 26 14 43 37 35 9 34 29 43 3 1 25 14 5 14 16 39 44 19 42 23 53 60 41 18 63 2 1
7 24 54 47 6 26 13 25 45 34 35 26 58 11 26 46 17 46 34 1 62 47 42 61 7 37 30 35 45 63 2 40 21 4 23 3 44 19 47 1 48 14 3 24 37 27 47 55 34 0 29 48 18 15 2 29 6 32 41 36 54 26 41 13
62 35 14 20 11 37 27 47 5 22 5 18 32 54 6 41 34 43 3 40 33 22 21 3 26 23 0 44 40 17 28 55 11 62 52 12 52 19 32 33 41 19 46 43 42 54 17 5 36 62 8 21 34 17 38 10 5 38 34 11 62 34 30 59
41 19 44 27 47 27 17 0 63 54 42 38 51 58 21 53 58 13 2 39 34 4 2 45 4 44 30 54 9 0 27 11 21 25 46 24 36 57 47 52 12 29 31 38 51 13 59 24 36 62 38 16 38 33 49 2 10 45 13 14 24 11 23 2
61 25 21 39 37 23 31 38 12 6 36 1 23 0 62 6 39 28 52 39 20 9 1 19 24 63 0 20 51 36 61 39 8 51 32 63 63 27 26 31 38 39 21 22 38 18 26 0 54 17 13 40 0 46 43 45 50 48 57 11 9 41 14 18
23 6 13 60 32 58 20 13 0 53 63 33 54 55 9 8 1 53 47 4 6 57 11 5 50 37 34 28 40 55 56 18 10 16 48 5 5 61 21 36 60 21 7 44 13 28 37 41 59 20 4 2 5 21 48 50 60 11 59 24 10 32 57 60
48 29 9 43 4 1 61 59 17 17 55 60 30 49 21 53 7 41 46 42 54 25 4 7 3 8 46 36 4 29 9 54 20 51 18 16 45 42 59 14 21 57 52 7 7 8 57 63 61 7 36 37 1 8 20 28 47 20 42 13 41 11 57 44
22 48 18 35 26 49 36 56 51 20 25 58 32 17 8 11 15 47 47 14 13 61 19 31 23 52 41 36 26 4 3 31 5 61 29 63 2 56 11 52 7 18 26 25 30 16 2 6 25 50 55 39 35 29 24 53 38 21 59 8 28 7 57 55
38 2 5 32 20 27 57 6 39 29 47 24 62 12 32 56 27 60 3 43 2 44 16 8 54 9 42 10 55 57 37 42 39 38 9 54 37 23 34 11 53 19 28 37 15 26 50 38 54 48 3 32 25 25 45 25 10 14 15 6 14 3 3 39
14 22 57 12 50 30 40 47 18 10 36 23 56 1 27 45 35 4 42 21 56 37 13 51 57 44 21 4 44 7 61 60 54 38 60 61 61 22 48 59 55 53 51 53 3 63 52 27 56 52 62 25 6 57 2 62 29 44 16 34 62 36 46 44
34 28 59 40 51 4 46 50 38 16 44 27 0 7 49 10 35 29 60 23 28 28 61 18 1 23 21 44 60 51 33 30 37 63 17 11 50 31 45 33 51 13 3 48 49 49 51 42 30 45 40 27 13 10 39 36 53 28 43 56 16 34 1 38
57 60 13 50 50 7 15 44 22 47 1 2 25 6 36 29 45 21 47 34 19 30 46 51 53 17 29 25 16 56 21 57 3 22 50 7 31 46 42 58 63 60 55 62 37 38 44 62 47 62 50 52 4 10 53 33 35 18 21 28 61 56 61 11
58 56 4 47 30 29 36 7 14 17 33 54 13 9 16 56 0 36 29 45 16 26 54 37 54 39 54 51 45 14 34 18 31 44 14 48 63 30 29 41 38 26 39 23 61 0 41 10 39 26 19 1 50 19 30 5 7 38 54 12 44 8 6 45
21 51 18 14 29 39 24 15 33 25 32 47 48 43 35 42 8 22 6 47 21 2 58 31 35 60 4 29 59 24 56 59 9 47 55 23 58 15 26 35 13 42 22 43 8 59 9 40 29 45 1 31 27 4 15 11 58 50 62 57 52 40 24 21
6 2 41 37 63 33 26 22 19 21 42 23 20 42 59 47 2 25 54 44 8 0 3 62 55 2 31 55 55 4 3 16 13 63 9 47 42 50 5 52 14 61 52 48 31 46 48 57 0 42 40 44 29 43 18 12 40 51 49 36 1 34 51 63
