32
16 15 11 16 25 8 13 6 25 13 9 16 22 6 14 24 15 31 9 12 9 4 30 3 3 20 22 11 18 16 24 26
28 18 0 28 10 15 25 2 3 27 12 12 2 20 2 4 10 6 22 11 23 29 31 25 6 6 5 30 13 22 31 28
18 31 14 15 0 9 21 18 5 0 15 0 31 1 16 5 24 12 0 26 24 5 27 8 6 17 12 28 17 23 15 4
24 11 24 30 30 18 20 5 19 25 20 6 21 10 3 16 8 7 1 23 2 2 9 25 17 12 14 17 30 19 14 25
0 7 22 10 22 29 11 24 6 0 10 22 6 29 0 18 21 18 14 2 6 7 26 2 30 16 5 12 23 27 31 28
4 17 18 19 14 8 5 5 29 14 26 18 28 6 2 3 5 8 7 23 31 10 21 2 22 11 19 22 25 13 29 16
17 3 25 21 13 15 5 27 16 21 5 1 4 6 29 22 4 31 5 27 27 28 25 30 18 29 15 16 1 4 4 1
15 17 28 5 10 1 9 8 17 3 1 11 15 28 7 28 20 19 13 25 19 19 16 24 21 16 7 6 6 6 9 5
8 21 10 6 30 19 13 29 10 15 26 8 12 29 13 3 24 10 0 7 16 13 13 25 25 5 16 13 9 15 9 17
13 16 8 7 23 1 6 3 19 13 6 28 10 2 15 14 10 6 3 31 5 0 31 7 23 30 17 18 26 5 11 26
14 26 5 18 1 17 24 17 30 14 7 15 14 14 28 26 14 17 9 29 4 8 21 12 28 21 25 1 1 14 9 29
16 31 7 1 27 11 13 16 21 9 30 30 17 19 16 13 30 19 11 3 23 30 31 4 8 27 16 19 11 31 30 22
4 7 24 19 8 2 24 9 13 2 21 25 19 20 20 20 31 9 13 8 2 16 17 3 4 12 20 22 31 9 11 16
22 16 14 28 4 3 24 18 17 15 4 31 23 10 10 0 4 10 13 9 31 20 16 28 6 20 7 15 7 19 22 26
18 7 23 10 12 25 19 23 18 19 26 18 24 7 23 23 23 10 4 14 26 22 10 0 24 26 29 16 18 4 17 29
26 8 17 4 16 11 21 6 23 7 21 6 1 26 21 20 31 16 13 26 0 12 28 18 13 28 12 0 1 11 11 24
16 28 12 5 13 28 26 2 26 27 26 10 21 10 10 24 18 2 16 20 27 6 12 16 18 3 20 2 27 15 20 4
10 29 1 2 18 10 2 19 25 10 28 18 18 30 16 11 2 24 25 16 20 2 21 24 15 10 9 19 3 5 20 18
15 14 26 7 10 24 4 1 21 23 7 20 4 0 6 23 30 28 29 30 0 31 16 20 21 3 23 27 6 13 5 20
8 1 5 15 3 11 30 5 10 8 26 24 16 1 14 0 1 18 27 21 20 9 6 24 31 31 6 24 7 10 29 16
29 22 18 15 30 27 28 7 31 4 23 26 5 2 0 0 24 31 2 5 6 27 21 24 6 13 7 18 13 15 13 1
5 2 4 23 30 3 16 21 5 21 5 19 14 25 17 15 31 0 3 20 1 26 26 15 25 5 12 13 10 24 27 21
15 0 23 18 8 1 13 21 20 20 25 2 24 14 23 4 27 2 22 23 13 18 18 11 17 18 21 27 20 30 23 22
11 13 22 27 0 25 16 28 10 9 6 4 7 22 30 25 28 25 29 21 25 10 3 28 6 7 18 15 10 18 16 30
18 30 23 31 20 20 25 20 10 29 4 31 28 8 24 6 13 1 31 30 4 10 23 13 16 7 4 27 29 22 16 5
3 20 16 26 6 18 25 14 23 16 17 15 16 17 21 6 14 12 17 14 8 15 20 20 8 11 18 26 16 10 27 9
17 26 27 3 20 23 20 25 17 27 11 17 12 3 8 13 14 31 23 10 18 16 13 15 5 4 4 11 21 0 13 25
9 12 16 31 11 22 6 9 2 10 3 26 30 26 6 0 14 16 8 17 5 3 29 9 4 7 28 13 13 2 18 6
24 3 3 14 1 23 7 26 19 27 30 6 31 30 31 28 20 21 6 3 31 8 0 21 31 28 3 8 24 13 17 20
29 25 17 14 28 26 9 31 12 2 7 4 26 12 31 31 30 5 23 28 18 28 4 29 28 19 15 14 14 6 23 11
30 9 26 20 9 31 0 8 29 17 6 5 10 24 19 13 11 21 2 27 9 27 6 17 25 30 25 27 10 3 2 27
22 3 28 27 20 23 7 24 22 15 22 1 17 20 14 23 2 26 3 3 17 23 28 18 27 29 17 2 3 28 3 2
