64
59020 61619 51349 58276 53756 63448 60117 61043 54507 67615 57184 66213 66576 54424 75688 66626 63214 67267 63096 68442 67356 54571 60966 53498 58716 61174 62854 58396 57907 63310 54992 55631 51902 66282 61429 61165 61094 58642 64387 64466 66034 61245 74427 64821 59337 56277 63504 67178 74612 63719 62380 63960 64404 63222 64364 72905 65866 56802 64225 54584 56802 61932 60393 66932
44185 53802 40399 51248 47969 50331 46370 48724 41778 57191 44218 48231 57310 44579 49259 46799 46201 52949 49898 53089 52414 49407 52706 44977 52109 50966 53832 48158 43156 56223 46162 48064 37575 58449 51951 49837 51034 48250 50744 54619 58450 54328 64116 54173 46135 44445 48171 48106 58355 54159 51265 45667 49952 46106 49463 59150 50696 47428 48802 40625 42865 50104 52362 47952
67964 68476 54162 72045 58233 58139 65452 72940 58006 70784 60986 63201 70625 61181 69095 67918 68241 71206 67716 71429 69089 63005 70458 55033 64441 67125 69647 60209 56664 73139 62430 61743 53467 68817 78469 68487 68013 61512 69382 66882 71683 71652 82474 69736 65298 63871 66193 69433 71054 71752 67127 68458 77540 69157 65032 87971 70573 55720 65524 54911 54228 65678 64880 72169
55403 62022 43951 57220 50400 47781 48417 60144 49001 57700 51800 56162 55150 46775 59489 58266 53486 56431 51737 60455 56392 49892 58496 47013 54069 61489 59408 51952 48505 58984 50822 51315 45237 58665 61536 59695 57602 48850 54952 62621 59584 62098 66734 52553 55376 46953 54993 57848 65494 57983 54917 64447 56130 52206 60655 67743 58243 50368 57554 55289 47386 57288 51013 55207
65601 63199 53245 65250 60607 60544 64996 64895 58493 68725 63325 68348 67252 67905 64192 67848 64467 66353 65314 74868 72280 64340 64460 58439 58162 64710 69507 58144 58277 67584 62885 61386 52111 70086 72054 66316 66461 57439 67209 66058 73346 68134 84472 63278 71747 65907 65994 64803 71174 71527 63143 68771 73534 66724 61380 77166 71272 57758 69302 57104 57814 65530 62815 72683
58738 66703 51964 62966 51255 61286 52887 59018 53352 66736 55489 61272 66269 56610 64726 63099 61922 64872 57542 67336 62766 56754 64912 52314 54651 60640 66458 56367 49111 65343 57253 57654 54333 63189 66555 64004 60935 55858 60213 65202 69704 66632 76598 66892 64323 59372 65152 60542 67367 68279 63185 68835 64795 59506 64988 74533 64903 56558 63519 59353 51475 64706 65021 62038
63583 66546 58482 67000 54686 59796 65418 61350 55828 62639 62376 65446 69701 56691 67858 63679 62314 70945 63029 70536 73122 56115 67864 56178 57292 69995 61912 61006 55234 67940 60350 65447 53843 63687 69570 66511 63621 63329 65058 63356 65323 62313 74003 64350 67226 63379 65260 66317 72873 67435 64788 70316 70875 62826 59532 75249 65248 64311 67674 57225 50373 65347 61225 72129
58558 57377 50402 61519 52068 49612 51926 54218 47041 64015 52986 55556 59723 50992 56427 54513 55101 59122 55868 60032 59588 54205 55676 45151 52540 57892 59319 51039 48514 60068 50732 55712 43795 70115 59333 57916 52808 52364 56860 57605 63189 56479 63072 56238 49499 53837 51979 57301 64335 56793 59216 56994 60322 51717 55251 63140 55558 46588 54584 48079 46653 59934 60506 55642
67312 73910 61516 73732 60971 71778 64182 72501 59243 69217 66296 72384 76793 64865 77976 72639 67766 81565 70916 71014 76666 64815 76844 61210 66349 74768 72034 69075 64861 78585 65333 66711 57245 65945 75196 75009 67878 72417 65720 72352 71968 69367 82452 72937 72653 61552 69417 73620 78929 74979 68293 70818 77041 72494 70055 82665 76667 63480 73907 67117 57130 71817 69281 75289
60237 64427 54456 63937 57947 63155 59053 66484 57184 61538 54497 63894 70020 61378 66500 60341 59016 65887 64383 64212 66118 57671 68105 54435 62255 63900 69658 61851 56735 71868 59993 58995 51814 61727 69615 64159 61944 67035 57622 66081 65884 67069 79637 64693 66470 52856 62579 66642 66765 66455 56362 63631 68648 64994 64754 75903 69400 52198 62450 54934 52312 66445 60872 68309
58473 65734 53277 68344 53776 54895 60380 62606 53754 61554 55646 57472 64240 56121 64312 53790 59891 64877 59644 64686 62225 55647 65631 57569 55497 66495 68163 55647 55503 66719 59486 52602 49702 68348 65492 66935 61413 58025 60016 64957 66386 69851 72550 61447 58342 59539 56814 65610 67998 62163 57202 61404 66947 61152 56504 74536 62082 55838 63851 49578 53464 60505 60639 63502
62455 67069 50461 67886 62242 59663 63402 64677 59977 66372 60215 61842 60215 59907 69178 64899 57381 65665 61615 74538 66731 58872 67201 53958 60810 64581 67231 60960 56429 66630 59867 61037 53635 61524 69180 67994 65114 62436 66075 65038 59994 62300 79875 56625 68121 61737 61335 67842 70337 68219 62077 65041 71411 65200 65189 75187 68413 57258 68386 55668 55486 63233 62491 67379
59621 71236 50092 66473 55306 63601 57019 66654 51397 70414 61804 58905 68859 60164 66065 66249 63363 69851 62317 68179 69169 61808 65073 54235 57737 62005 68117 58326 56215 66606 58221 55615 50891 64274 67109 63230 68436 56868 65207 68855 71914 69026 78232 69138 60764 58427 62364 64368 67538 68608 62155 62946 66604 66123 66540 79768 68563 55090 66139 54629 53852 64964 59378 63102
56788 65026 53620 58494 56401 56008 51893 62010 54844 63371 53494 56761 61645 50055 67712 62396 61911 66131 56571 64844 64047 53202 60387 52579 59106 59161 61044 54065 47864 64776 55795 56871 49730 59675 62321 58225 62729 55953 57140 61674 65536 66180 76831 60722 57640 55830 62117 60308 71230 60199 61493 59432 62788 64760 60349 73839 63082 53909 60788 49289 49350 61308 58623 58276
51553 54594 38907 52379 50254 53143 51349 49597 37990 59888 49917 47080 57979 46438 52326 50981 50506 56978 56068 57756 55882 49480 54351 48455 46954 54951 57182 50526 46747 54447 46935 45476 38764 57217 52563 50692 49332 47867 51709 51538 58257 57280 64901 54283 48486 45167 53175 53212 60094 57610 49425 50823 53406 56094 52287 62855 56845 48898 50601 43748 45603 58372 55532 50388
61135 63634 45316 54690 51015 56664 54697 56917 46256 60162 49377 59141 56487 54281 63027 59647 55370 62509 56588 65737 60169 50200 58865 48304 51740 61115 58605 47267 49083 61305 53103 51358 45587 63649 59869 57976 57803 51091 57188 56021 59987 62913 68726 61863 58959 54788 58669 56985 67120 64797 56731 61994 62954 58547 59621 66907 61259 53815 64378 55818 49259 59176 57451 57461
70087 75453 60109 72761 65673 70675 67592 73536 65181 76977 60446 73062 76535 68960 80121 68417 65012 75059 71680 71262 80956 67284 71175 63248 71783 70629 74111 67994 63775 72407 65247 70903 55529 72576 73864 71026 73494 70962 66109 74512 75911 69461 90860 72020 69965 60169 68517 72975 83759 78053 68544 71035 71085 70548 69448 82605 77802 64640 72245 64553 63745 72512 69318 70512
60399 68603 55389 66518 57406 61296 59715 66590 59925 66557 59023 66515 67491 57105 72351 66988 60964 69883 65677 72943 69897 63691 68359 58005 65433 67368 69708 63157 56828 69850 57295 63223 56381 68071 71919 67819 71334 59410 62881 67376 68570 68958 77432 63599 65040 65890 68753 68723 75994 66229 65571 68351 72280 66976 62718 78886 63590 59269 70156 56979 55313 67228 62458 68734
55581 58391 54550 58700 49013 53097 51756 55208 50416 58758 54450 58161 63643 52649 62444 61116 61656 66350 59010 61213 62787 55443 62864 51029 57761 60355 62351 55896 51899 60391 51716 56357 49681 63274 64594 62326 59443 52726 56333 62408 62821 57560 65690 59712 61787 56020 62382 57658 66807 58486 58340 60318 63902 61528 57248 68341 60079 51417 60734 52592 46201 58383 57741 61801
54470 63774 55726 66203 58582 58776 56749 61778 54339 66635 56253 58884 63102 57467 66779 63211 57260 67134 61762 67596 63558 57461 61727 55303 55966 61018 65883 59909 57429 64712 58029 62692 50771 65799 69699 62231 61062 58111 59381 60432 64419 62707 72726 58836 61762 57517 57748 67055 69007 61843 61455 57632 64317 63929 60594 66929 63164 53080 62760 55832 51986 61575 64949 64471
63444 73126 51291 65505 63306 64984 67231 61179 53578 74073 63349 64248 74362 58193 67494 66028 62668 68579 64303 74306 66364 54813 69740 59319 64188 69998 65074 59498 58441 67292 58844 60308 54598 71453 68985 67991 65355 62234 67917 72560 75780 68885 78093 70351 69116 62768 63869 70470 77194 70796 62939 70400 68079 62784 63802 81536 72984 64140 66263 57271 59956 63953 64607 69127
54429 61366 54902 61253 52962 56976 59776 64230 57667 58722 54540 65855 61734 57424 65396 65272 59303 63468 55568 66286 64929 54680 60864 52194 58055 64080 64010 58651 56484 65487 57087 59970 55148 60000 68000 65924 64996 57356 61310 61127 64895 67358 70865 64166 59059 62863 60788 60817 68897 63807 58920 67265 70221 55870 58750 74180 63994 56378 65188 54353 49231 60819 58034 67508
67618 68703 56939 71328 62125 66921 66698 72870 57327 71257 66441 69121 74424 64347 77896 69558 73083 75355 70996 76068 73745 59813 70786 62862 64445 70435 73053 66406 65569 72813 65515 62704 53597 75170 74454 69511 69047 66562 70993 71098 74847 74316 80538 74640 63486 61313 66948 76466 79018 70411 69301 73860 72238 67014 68408 82232 75460 62424 68765 62655 62567 71006 67809 74479
62167 63110 51863 68831 53192 57321 64296 63436 52520 68939 62924 62278 68121 61101 68506 65808 63239 66001 59953 69205 69389 61899 68704 53782 58030 68482 71397 61053 56357 66286 59009 55838 54120 62723 68823 68077 62866 62391 63216 62890 65700 67576 77577 62713 68526 65916 64986 65964 70302 69038 57874 71407 71023 64049 64105 77576 71689 56625 70390 60603 58864 73369 66121 64781
57035 68604 51729 68636 55254 57003 61727 64584 61751 69201 55516 71601 66575 53624 67469 63949 62770 69383 57707 67915 71716 54497 60329 52826 59887 62031 66349 62393 49984 66819 57674 60445 54013 62037 64623 62324 69189 59374 62531 64463 64855 65832 79091 65835 62707 63099 62309 59946 72799 70420 65582 66837 68001 61467 63819 80971 68655 57709 63916 51098 52267 65126 62826 62882
58331 59489 50936 60375 55898 59311 57520 62202 52042 63749 52935 57300 65026 59003 65242 54810 61423 64463 61698 66010 59454 49632 58147 54720 52158 64318 65701 53942 51218 61388 55923 52812 45718 59032 63983 61116 60059 52642 53987 65415 63001 64235 73777 56723 63281 51229 61772 62058 68081 63358 54193 65091 67751 65668 58439 75139 63058 45893 62797 49387 58042 57093 58277 59893
65631 73566 52717 74935 64062 65682 72243 71208 62413 75921 67277 72854 75899 64770 74280 68492 66790 72108 68268 72278 74261 65278 78040 56626 71851 74584 75559 66358 61938 77487 62518 64589 53715 68853 76785 73009 71245 73761 72320 69853 75555 73946 86107 75698 69733 66205 69287 68179 78638 75071 65443 74386 78997 59350 69888 83940 74977 63781 70692 62999 62558 72921 68444 71335
67076 73009 57561 73915 66472 66968 68125 69829 63445 75949 64838 69073 73904 63763 76964 66475 73989 74738 69447 74361 75631 62248 71080 60407 67262 70557 75458 65706 63964 71518 61387 65505 56034 70453 74779 77498 68817 68267 69406 75953 75951 65200 86323 65007 69502 66587 69413 70695 79528 71817 70730 75548 74444 71451 65437 86713 73435 62157 69674 57831 61575 69478 67984 71740
62080 61939 52569 65308 59344 60943 57479 68771 55595 65107 64024 64038 69309 56253 65128 65766 58992 68512 60334 66999 71554 60511 63391 56222 62642 64021 66936 58553 64345 71747 55442 62295 49917 59530 63379 67277 65469 61656 61329 61951 62565 64875 76858 58682 64050 59954 63012 61379 71017 63868 62229 63912 70284 61873 61548 72739 61203 56982 65109 53665 50477 61112 57409 67174
66123 71512 53723 69476 58359 68392 64886 65565 63685 70502 63834 67527 69850 66177 74508 67599 62511 71340 68971 73334 72677 62705 68127 59805 61246 69831 69863 60950 57417 69029 62673 66188 53224 64747 74680 69539 69510 65261 63402 63504 68979 69606 84898 67115 67859 67683 71435 68437 74371 75420 64296 71816 74904 66925 60833 78004 69680 59532 68464 60229 59603 74802 69427 68892
63135 71801 56117 74749 60027 70844 66052 75916 62207 71974 63240 72111 79130 69013 72475 66230 68366 74740 68085 72956 77436 67177 75836 63341 70287 66099 76132 66029 66055 74044 62648 64007 60653 69496 79466 73594 68973 70737 65055 73047 73119 71490 89276 71253 70872 65456 67606 71139 75944 74580 69500 74272 74467 70461 68908 88602 76461 59469 69191 63035 57973 73083 64330 73537
60513 66390 54175 69520 56349 64643 62361 66369 59241 66489 64442 66879 73570 61905 65812 65928 63045 69360 65613 71063 70397 61479 63885 56041 58095 67151 73321 60769 56393 68605 59995 61964 55772 64251 67985 62071 66421 63801 65672 68078 67457 62335 77634 66978 63463 63097 63812 65625 72971 67284 66461 64516 70468 67313 58983 77791 64171 54625 61531 54900 53028 66152 65569 67455
53164 63001 49655 58064 54488 55204 50488 59013 51568 68970 55896 58132 61739 54801 65174 60240 54039 64550 55606 63616 61472 53859 58305 51235 52441 62044 54594 50724 57727 57223 51403 54233 48303 59985 62545 67627 57858 55148 60988 65286 65044 57443 71852 63541 59164 58594 61043 64122 76304 62841 58536 64300 64584 58736 60124 68537 63263 54552 62056 51327 51417 61253 56236 59442
67466 79189 61030 78191 62699 68171 68362 72126 64312 74463 69577 69779 72588 63395 76035 72250 71890 76094 73669 72905 74150 64204 75885 60028 65026 78455 77110 71449 66767 79148 72914 66992 60607 75996 79263 78630 71768 63572 73859 85192 76783 69891 82361 72981 75562 64830 64970 80563 79751 73500 72751 77236 76122 72925 69229 86811 77914 63577 76371 65026 63446 68733 71453 77726
66267 76957 62838 76261 66746 66440 68798 72163 57394 76073 65902 71109 78796 63901 73561 70497 68458 75113 66285 74897 76815 62695 71349 60668 64355 72790 72577 68476 61428 75519 64169 68179 58530 69000 76307 74156 72080 67715 65311 70842 77224 72542 85448 73059 71753 64551 69240 67129 79470 76967 73557 74556 73931 67410 68626 82967 74704 62298 70850 62388 62518 72338 70993 68537
65659 67176 58715 71021 61608 66031 67815 67365 65053 72081 72528 73218 72446 67719 72917 72359 67645 79800 71920 72287 73723 67163 74686 59354 66386 75860 77583 64719 62527 75147 62597 59610 61635 70999 74981 69662 69975 64004 65663 70342 72527 76975 81697 70540 73004 70749 71080 72345 76845 69740 70348 74763 80445 69233 66964 80321 76868 58349 74673 63979 57124 72198 71692 73342
64275 76709 55612 68127 61128 68492 65549 73788 63810 70762 63687 70137 73880 64505 74804 67810 66182 71663 70640 68782 73979 61763 72028 61126 62917 66433 73584 61182 65662 74726 65912 62064 54409 70843 75538 72635 67341 64958 68769 69863 70736 72843 88125 76037 63119 66181 66233 70662 76602 68858 71266 73604 72683 68385 68393 80622 72389 61861 67664 58499 60148 75849 64358 74178
64954 68362 54032 67290 57692 67422 62050 69255 60910 71313 59715 65680 76311 65242 69902 61247 61642 68013 62305 72744 68192 60685 65662 60210 61917 65422 67779 60540 55456 67461 57880 61623 56079 67762 72215 65253 65114 68306 62689 72549 67667 66660 77869 68026 67103 63541 63808 71063 74911 72191 63512 69401 68646 67283 63907 80139 68522 55046 66017 58748 56695 66270 65480 70657
57061 59065 45716 58245 50568 59206 56072 53993 45067 55640 53295 57303 62614 53150 59477 56982 56127 60240 59570 65040 64186 55246 60559 49871 53912 56139 59183 54939 51281 59178 52605 52668 48349 64715 64668 58747 57178 56327 54754 59773 56187 54238 68888 56963 53738 57445 56558 59982 65531 59752 55115 59060 61956 61633 48777 69153 60472 53506 60182 47028 48127 61451 56303 59712
54588 60848 51224 58200 51547 50681 52026 56192 48888 58567 52214 56394 61680 51291 59492 56590 52609 60218 54131 58047 55775 52962 62121 49751 53927 59952 62336 54387 52017 62356 57920 50456 49307 60021 63855 62745 51441 52924 59577 66367 64869 58506 70950 57856 58795 53799 51914 60466 64716 63223 54682 63221 63609 54154 55962 70794 63341 47960 56560 52481 47990 53358 53513 61165
59897 60866 54860 61293 61438 62160 61439 62716 56468 72974 62819 59170 69792 59076 67341 67418 61499 68978 63861 65895 70259 64541 70735 59401 61086 67904 66993 65491 60768 67383 59607 61950 53711 65089 69098 67587 56995 58845 66313 67049 70666 65092 80165 67621 66441 58569 62788 67872 75982 69086 60720 65620 71143 66021 64522 75963 72430 57992 63702 55324 57180 62324 63924 70606
57504 63753 55918 65001 52377 59618 59035 59540 58409 65794 55183 64508 65601 55863 68200 61238 61631 68015 58047 68530 65441 54158 63241 49425 60141 66419 67441 55569 52284 69459 57610 57868 51196 63134 64784 62912 62929 63525 60460 63154 67886 62666 75620 62446 63852 59508 61738 57026 71403 66226 63195 61548 64902 60462 63543 75468 62538 54457 62522 51472 51080 62530 62494 61502
56563 61707 55352 67522 54839 58593 64569 65177 54607 64506 58999 66628 71175 59872 65930 64500 66534 71342 60787 67140 70871 55578 64855 53023 58704 60658 67523 58766 58704 69937 57115 60217 53972 62650 73642 64171 63658 61267 57026 64273 63626 63336 74532 66625 65414 59047 62891 58338 69004 66212 65688 64763 70983 59263 57986 80508 69209 53667 63663 58710 49029 65663 63702 68968
65628 68390 54646 66048 62154 63207 60519 69697 53306 73250 61377 60660 70114 62839 68642 65421 59252 70541 66485 69079 70002 63065 70043 57371 61000 72176 72782 62194 61836 69307 60047 62502 52728 64088 68788 70995 66186 56949 65032 66450 69899 72086 81062 66865 69576 61012 66271 69421 74792 71114 60547 71974 74572 70951 64147 76961 66921 64609 69312 58957 59010 67209 66926 69666
61782 68252 59970 70087 52989 62134 60937 65526 55261 67898 60556 60995 66068 62054 70445 66462 59370 70332 65016 64791 67766 59972 71871 54732 57644 66330 70101 63987 59491 67339 63929 60479 50250 66447 70363 68514 64261 56803 63029 63088 70482 67924 75804 67646 65169 59679 60375 68746 69882 66950 60142 70250 69013 63876 62943 74960 74124 57222 68979 58661 54500 71243 65378 66982
56634 61938 51071 61446 53365 55441 48586 58514 52960 63534 56666 55460 63573 57471 61803 56402 60876 66504 62691 66809 59268 55778 59392 52013 58450 63447 61243 54556 50660 63352 58926 59911 50807 61745 64097 64882 60213 55671 59891 63266 64217 63574 76670 61117 62971 57503 62496 66644 64536 66180 60782 59670 69168 61455 57030 73035 62697 48930 59129 53016 49920 57886 64483 62985
63471 68900 53474 70074 55301 61499 62530 62570 50839 67613 61143 67228 69603 57594 67827 65577 68386 69373 61006 68045 74439 58263 71151 55907 56470 66489 65204 66200 57564 65773 63095 59330 58030 66973 71775 70531 66632 62509 62995 68950 70591 68867 78302 66561 65080 63380 64085 68978 74567 68508 65855 77487 62402 64357 64999 80068 77681 64678 69335 59257 54589 71826 61669 66962
57449 65372 56960 63263 57378 63357 60159 62390 50463 63344 60864 66690 71805 61513 69106 66743 57717 69546 58740 64594 62635 57077 68957 51349 60238 68519 69924 60709 61465 66737 58160 55587 51677 60816 63391 67212 60993 63763 60335 65543 69322 66588 73840 65382 62450 56821 65481 62316 73048 69122 60476 66176 71247 64062 63066 71565 66347 56741 63719 53803 51453 64498 66186 65016
57441 69171 49944 67881 59435 58427 58771 63477 59103 68952 55768 58342 62921 57178 65452 58914 60217 70040 60269 73394 63834 57311 68429 54002 56975 61817 65509 59072 52830 72410 57595 57092 51040 65243 72080 68964 65499 59145 62807 70769 69977 67751 74977 63819 65179 64311 60780 71399 67724 64395 64167 64217 66196 61954 60556 77076 71120 60425 65200 52401 53140 66457 61131 68420
52397 62395 47499 61205 45551 53216 54498 59018 50225 55277 48970 60047 63843 53164 61720 57543 52553 59436 52359 64866 60835 46008 53484 47899 54146 57621 60547 51719 47389 58388 53264 55262 48073 57207 57533 57234 65596 50308 55056 59463 57529 59953 65503 61529 56231 56079 57659 61251 61588 62891 57146 60227 61309 56603 53160 71896 55360 52769 58327 46744 49239 61631 53798 62514
54182 62154 52323 61864 53690 55283 57245 61357 57391 65965 56819 56716 64801 54400 64119 55275 55496 65568 56736 62851 57771 51942 61928 56259 56418 65402 64972 53709 54310 62054 51763 50175 53012 56940 65322 63857 59367 55205 58848 66456 63535 63990 70687 62192 61354 60644 58724 61186 67868 63569 63169 63520 64614 59830 58089 75172 61110 47576 58258 49785 48922 60343 55805 59147
59684 60569 53215 59108 54171 62678 56302 58830 51070 60387 55337 59445 66624 57146 65337 58350 56085 60013 64259 59889 60151 57083 68292 55769 56103 60439 66709 55403 56063 66073 57618 54354 47642 64928 63436 64648 56175 55940 54756 60300 66124 66808 76372 59039 58553 53260 59737 63913 67957 64768 58217 62943 65469 58768 60936 67984 64642 53633 63037 51611 52885 62771 58455 65458
62828 63251 53022 61560 56227 61426 56299 65585 52197 63610 61687 60310 68511 55922 65409 64256 59503 65869 61215 64149 64515 56329 63379 49727 60667 63407 60689 55784 58241 64427 53690 55389 52813 62498 64961 63624 62613 62760 60599 66298 66396 62487 73839 65170 59770 56700 64135 64212 72347 62860 60483 67570 68107 66867 62403 75101 63729 58587 62852 53651 49460 59556 62483 68231
56511 61605 45496 62488 55140 58967 59160 56023 50311 66786 57692 66574 66848 59171 59844 60940 54158 64903 60043 66700 62405 58811 63960 51333 58929 69061 69378 58090 53313 64175 53569 54731 46425 65715 59609 60328 59849 57715 60060 63711 66547 65043 71644 59601 62290 55423 59184 61210 69473 66881 55137 64237 66509 55859 60867 70225 64969 57743 63784 53192 53765 59410 60134 61011
54798 65878 47521 64164 53341 61119 63664 65692 52421 66970 54316 60867 67873 55452 70911 61463 60526 69089 63021 65432 65304 56890 65385 54995 60881 62324 64339 64816 58931 62331 54605 54455 49612 62143 69444 68523 64261 59106 59211 66084 61363 63787 76310 61757 58919 54209 61629 62965 68258 66346 59347 66000 63442 57872 60688 78702 68709 54734 65177 55858 51544 66150 63210 65964
58429 65210 47438 61171 54595 62706 52592 66463 56107 63129 60573 64180 67435 58516 65116 61577 56697 71252 61584 64935 69178 60847 66327 58579 65833 60965 67938 59593 58593 65249 54428 55318 49988 60206 68442 65812 63577 56168 59755 66849 62672 66561 80145 64044 65979 61000 63332 64473 67639 63399 55081 70048 70447 65713 62415 69462 65459 60493 67826 58195 52945 65143 56759 63167
58065 68295 49640 66019 54749 58586 57071 61990 60451 63504 59469 61792 63616 55072 66287 62641 59611 69970 57775 68055 64704 53702 62519 52909 64523 60103 64009 56512 52037 65428 56168 57587 49305 60539 64229 58672 65738 62185 59498 63170 65441 69828 76463 62663 59720 59094 61986 64950 68581 63304 55759 65981 67893 54583 61038 75862 67101 57447 63680 57536 51045 61130 62495 62999
56041 60870 44663 57037 50340 55825 57591 56561 49914 61795 51520 57494 59473 52691 63271 56985 57013 58766 59778 61902 64438 56040 65155 54859 52976 61878 61403 49763 53968 60209 53463 50259 50330 61332 63153 63691 57480 55783 57538 59663 65309 60494 71427 57938 58543 57814 58128 59326 72459 58536 55233 66053 61196 59827 57418 71513 66724 55064 63292 53456 50188 64603 52550 58509
68044 81893 66651 78666 69247 75701 72398 73223 65729 82672 76018 77996 83428 73454 80630 78374 72842 83574 76104 86721 74666 71360 78952 69156 70244 83616 86053 68112 71364 77571 70012 70013 64772 80257 80184 78199 76032 72620 75448 75134 91821 83418 93816 77393 75456 74346 76103 73996 92055 80552 76303 81647 85990 78597 76393 90595 74684 66837 77656 64593 66192 73880 80735 75449
61907 69540 55983 69696 59694 63874 64384 70454 58217 72883 62232 70332 73878 63691 73511 71677 62639 74715 68531 64888 69586 66322 73175 60427 65697 76649 72918 66091 59418 73378 64001 64973 51204 66241 74777 70353 65230 66469 69140 67670 70789 70507 82244 71419 69488 60199 65937 68876 76156 75016 64251 67318 74869 66693 71646 78661 72588 57466 69346 62324 58335 67456 65161 68231
71594 75405 63438 74982 65794 77748 68510 77132 68454 78243 66639 72957 80511 73467 79508 71863 68220 78858 76065 76875 73260 66232 79603 63125 66204 76927 79632 69886 65712 78453 71765 69295 54152 71405 78866 75961 73918 74405 72454 75961 74200 76531 93274 76959 74416 65205 70783 75773 84167 80104 67013 77118 80991 77043 73538 86063 80499 63792 73790 60223 64186 74637 75444 75988
61563 63841 51191 65591 54244 59142 59894 62394 54048 60536 56580 66256 67347 58878 63112 59265 61074 63552 62320 65916 68951 59381 66757 58743 59095 59934 65990 60068 53467 64452 58723 59267 52400 66759 68559 62047 62275 60978 55771 64499 65423 64812 74899 60965 62339 59170 60198 65512 69820 62270 59788 68484 65914 63094 59855 72227 67293 57577 68392 57770 51907 62530 58636 67801
62132 70433 57818 68634 55927 68788 64434 63051 53599 68590 63422 66932 72182 63945 69235 68431 61281 72254 64718 71142 66537 59566 69257 57901 57837 65762 68525 60280 61362 67395 59387 54831 50928 66859 70900 68724 64123 58700 60222 67393 75954 67133 79673 64423 66957 60239 65316 63417 69364 68447 65879 70430 67230 65434 64000 78326 68629 59800 72069 56025 56145 65297 64230 70098
64623 74526 48125 70951 59099 72535 63138 64173 53697 68776 64695 63280 67014 63960 68879 66002 66325 75724 68275 73218 74414 62366 69507 56521 61121 72205 70613 60123 61725 68658 60255 58325 52320 65932 70353 62241 70623 62734 61346 70138 69638 68429 78656 66539 63317 58068 62311 68088 72271 69954 63733 70215 68410 70596 61799 79578 70513 58234 71359 64355 60321 64043 62482 63498
