128
70 31 86 119 55 45 96 67 54 9 13 84 122 19 36 13 57 127 123 57 107 25 70 45 76 44 110 114 63 13 98 120 93 56 6 32 55 116 38 121 61 83 15 4 9 67 122 45 35 56 67 29 44 60 94 43 49 1 50 107 39 127 15 48 42 7 123 99 63 34 125 70 32 60 51 23 53 113 0 108 9 84 115 27 31 2 69 84 89 101 91 42 107 57 69 92 7 75 82 106 65 105 97 90 31 20 97 59 57 105 54 55 72 90 16 98 84 64 79 108 97 108 7 90 61 54 107 77
73 70 13 118 67 70 61 69 127 30 121 44 49 93 61 40 23 29 95 45 103 59 127 57 32 29 117 118 5 124 109 96 54 114 84 68 77 57 100 56 116 119 120 76 73 110 50 72 6 70 10 52 58 27 123 35 123 48 46 65 2 63 114 76 99 118 114 100 113 22 12 32 33 107 38 116 106 73 116 36 124 96 95 114 4 27 69 43 35 81 68 35 87 104 68 80 8 30 23 23 31 123 16 23 43 84 66 26 68 3 80 115 59 57 108 83 28 64 11 25 98 10 43 86 12 59 63 42
19 22 25 58 112 100 32 80 72 21 62 86 26 74 59 126 21 82 105 86 42 126 61 73 37 28 84 126 80 100 1 75 27 74 47 52 44 1 114 32 23 93 110 87 16 102 126 35 44 85 112 16 91 89 22 92 11 51 95 121 43 117 17 47 58 109 58 18 20 110 91 111 85 79 5 123 69 113 88 54 107 125 32 37 106 108 119 82 71 42 50 61 52 96 125 43 44 88 48 91 30 100 88 61 124 44 125 117 24 107 112 114 26 101 61 77 60 94 117 2 68 68 24 71 106 114 19 21
6 9 104 82 124 4 112 6 97 118 119 80 4 26 120 2 31 33 113 84 117 1 25 64 70 70 97 84 89 64 107 62 47 45 120 95 20 2 76 53 126 38 68 86 13 77 89 113 100 9 44 92 60 95 21 41 16 0 54 16 29 58 3 41 58 106 114 6 31 127 111 83 18 49 11 76 82 122 40 51 124 85 77 11 95 54 105 12 113 55 29 113 26 105 47 16 33 97 31 64 51 125 92 80 41 3 113 54 72 108 57 39 64 28 26 107 59 15 113 53 14 32 95 79 85 7 70 108
41 120 122 50 54 32 70 9 9 112 52 4 39 100 24 39 80 83 105 28 57 5 99 118 75 12 103 59 1 0 21 103 58 85 14 49 100 21 69 45 86 85 68 17 62 90 57 1 95 100 78 47 80 115 76 56 110 70 38 127 29 6 76 52 13 112 96 75 84 102 56 91 106 87 20 76 97 64 60 65 58 82 107 61 59 99 86 127 8 16 75 94 41 96 71 113 25 12 75 29 42 110 106 30 50 117 58 64 17 8 55 9 50 42 99 106 14 19 63 60 126 52 105 64 25 24 12 77
1 0 95 5 73 93 89 116 6 13 106 63 68 42 60 127 123 67 47 122 82 51 8 111 62 108 83 113 25 88 70 125 104 103 116 50 103 21 78 1 17 39 44 46 52 0 1 5 45 16 120 13 15 25 66 93 96 9 43 87 32 4 75 98 93 45 72 120 40 118 126 118 62 75 48 14 67 71 121 65 42 109 73 48 46 95 106 0 118 126 76 36 93 28 83 81 21 25 4 32 24 53 117 53 55 101 3 54 45 95 121 93 57 53 88 126 103 2 67 34 81 14 2 92 19 126 55 37
101 46 67 17 106 34 39 125 98 78 74 59 15 2 56 70 15 76 124 59 90 20 111 102 81 78 76 20 88 37 46 50 24 123 79 104 111 126 85 27 69 40 15 108 54 115 73 6 87 94 91 77 27 80 14 116 118 72 112 106 70 37 9 34 17 72 74 11 97 23 56 59 46 111 25 126 105 41 10 75 6 53 62 37 87 9 108 96 98 124 43 69 29 89 64 110 76 72 11 34 77 51 91 38 44 44 27 56 109 29 14 14 47 8 119 25 125 97 127 50 57 12 78 77 26 114 120 12
63 108 52 88 110 79 43 115 69 126 108 44 50 75 89 15 106 27 87 5 103 84 41 119 75 92 78 125 45 107 71 97 21 76 93 54 72 28 116 85 30 95 68 68 114 99 18 25 86 91 93 26 106 70 13 123 18 46 33 110 124 56 124 75 31 69 61 106 122 61 49 101 80 56 118 34 63 121 44 35 3 37 101 117 53 81 80 123 57 69 127 66 112 63 32 55 96 75 99 107 1 93 7 56 57 67 104 5 7 38 111 115 58 110 60 125 58 112 81 44 65 82 94 13 78 66 98 27
101 29 93 86 24 37 21 111 31 4 0 50 28 93 66 34 5 66 4 71 35 39 21 45 69 82 5 14 73 64 98 120 32 109 99 95 75 61 77 120 58 62 127 78 79 113 46 12 53 104 23 14 77 113 118 9 87 12 24 99 101 45 56 21 28 25 8 71 28 48 50 66 123 43 32 43 82 61 71 84 40 35 2 82 42 82 124 5 52 78 90 1 39 123 26 59 10 119 71 46 78 124 47 16 106 94 76 77 23 27 33 81 37 61 17 53 46 125 114 97 5 124 13 39 116 57 102 53
6 0 47 123 106 8 78 85 1 3 76 59 60 92 109 99 82 30 122 46 20 72 39 72 117 68 39 30 44 76 110 109 22 63 25 87 5 11 36 52 49 23 82 12 81 3 117 26 3 31 13 64 63 76 91 17 82 102 25 47 18 79 74 122 127 49 60 116 89 62 27 20 58 47 28 11 55 119 70 84 83 50 97 99 51 101 52 0 35 28 3 92 43 65 8 21 100 38 6 121 4 118 50 16 24 30 11 104 59 109 106 113 85 82 78 122 89 28 11 76 5 76 82 46 87 126 43 96
67 51 56 57 58 95 18 58 34 68 11 99 68 16 69 48 37 71 98 19 124 47 108 116 35 40 41 2 77 76 36 28 90 98 114 117 118 3 26 101 52 57 74 110 93 0 83 109 39 102 58 87 117 55 115 21 117 76 64 41 115 29 65 98 105 7 83 121 15 33 56 44 17 79 26 82 83 27 37 122 112 18 127 114 94 75 52 107 74 38 1 49 0 111 91 5 19 66 110 51 127 52 79 0 37 17 46 19 100 38 88 11 59 13 12 127 20 72 89 69 72 53 17 4 37 41 85 113
36 52 3 3 60 78 7 41 107 75 20 3 11 56 19 44 16 66 7 79 96 20 17 1 77 80 68 115 35 40 98 61 100 71 118 87 94 40 117 124 12 53 3 126 56 75 1 59 17 109 109 27 6 126 34 45 65 71 58 89 38 66 109 95 115 105 6 103 90 66 39 26 126 109 26 107 116 84 51 38 117 68 64 45 91 11 55 77 86 79 122 105 2 56 66 34 88 8 5 20 8 28 32 55 26 86 21 127 63 2 109 49 73 88 5 32 72 75 83 113 113 105 110 36 123 75 92 112
42 65 7 86 125 100 91 110 59 35 11 89 8 121 119 124 6 125 65 98 55 100 21 63 53 39 91 6 123 18 72 60 98 48 74 45 31 92 57 76 13 8 8 121 0 86 43 116 86 24 106 18 108 28 14 61 127 77 119 10 90 28 22 55 42 102 30 39 11 41 40 114 24 33 103 78 119 5 2 21 106 72 4 104 44 36 119 48 71 48 10 0 29 85 79 41 114 15 35 68 84 26 115 18 67 21 8 49 39 29 45 100 4 86 52 51 123 57 112 10 48 18 119 74 34 14 85 26
123 33 33 100 60 16 58 60 107 109 104 110 88 22 85 48 77 66 20 100 29 24 41 90 105 52 17 125 122 90 36 79 17 69 69 46 52 16 123 57 99 69 102 111 120 89 103 59 15 34 70 118 109 65 3 12 0 124 90 50 9 25 55 59 124 101 67 67 71 3 114 125 62 111 31 65 1 14 102 31 114 114 103 75 17 126 95 41 6 88 119 84 86 127 107 48 108 8 46 53 60 32 122 42 67 10 5 91 57 90 90 44 39 110 89 114 35 79 15 37 5 113 58 45 86 75 106 98
34 20 13 27 4 90 38 107 78 79 33 116 58 19 28 11 7 44 41 14 91 21 45 57 43 117 69 39 52 74 74 71 32 106 117 3 74 96 84 118 61 120 101 66 109 95 2 107 14 5 32 120 18 39 98 47 61 119 9 76 72 78 36 20 24 43 96 74 67 26 52 18 3 76 37 20 66 51 50 27 123 110 29 61 53 49 126 48 65 16 14 117 126 58 126 116 22 43 77 40 125 81 47 38 81 11 25 80 113 84 119 80 63 85 123 6 0 5 58 95 84 94 60 72 48 81 126 103
2 74 11 50 78 59 43 96 122 19 41 56 108 87 61 74 92 45 35 33 116 3 115 116 90 102 50 58 4 43 17 126 45 58 2 109 63 6 19 39 115 39 53 106 73 55 81 62 99 38 7 96 95 47 11 79 122 7 98 29 94 70 20 77 100 58 3 100 34 52 72 34 89 126 28 94 49 122 74 103 41 108 122 117 38 102 60 37 85 64 17 98 37 18 127 92 67 113 86 74 83 11 9 31 6 111 32 5 97 52 6 7 38 53 26 39 12 85 125 95 19 72 87 63 100 34 7 112
122 109 7 11 10 46 7 82 95 38 90 48 115 106 99 35 113 28 98 18 14 105 117 112 23 2 38 104 18 7 48 92 119 39 58 113 72 106 45 85 124 78 88 82 91 61 65 84 1 115 31 86 3 122 72 48 30 25 101 106 48 68 63 48 31 8 96 63 99 2 11 96 84 13 80 58 2 72 16 109 1 72 21 34 127 127 80 54 18 104 57 19 41 110 11 24 80 0 91 35 66 8 44 103 37 121 30 49 50 78 62 13 120 68 6 73 54 72 110 90 50 105 84 90 21 28 44 98
27 40 84 49 121 91 112 104 76 122 75 14 55 28 70 69 111 11 52 43 26 97 85 14 77 109 68 0 52 110 51 87 116 18 93 17 14 94 41 33 77 49 27 101 35 124 83 1 123 26 33 64 17 110 59 84 70 23 97 116 38 16 122 34 80 25 85 14 68 33 12 18 51 62 15 48 61 25 3 28 96 32 11 105 117 75 85 115 85 11 123 39 3 94 78 53 60 110 93 82 95 76 41 29 100 113 18 12 125 52 38 16 100 71 15 69 10 92 61 18 120 112 114 73 31 29 28 11
22 85 37 9 81 52 109 61 52 118 59 16 47 109 26 57 96 61 96 10 46 101 41 21 103 32 124 82 103 116 90 51 76 107 5 3 70 123 96 93 58 75 109 111 86 97 7 118 15 86 107 77 59 86 96 44 24 10 41 100 86 24 14 32 51 91 103 23 79 53 44 70 80 122 109 13 64 27 42 62 56 12 51 95 102 107 53 14 20 78 17 115 119 56 124 5 4 114 21 65 18 33 52 124 102 17 79 59 93 18 60 114 79 31 17 92 3 57 115 27 110 30 99 105 39 41 109 26
87 61 72 115 36 94 22 98 9 5 47 26 56 91 107 48 97 94 101 53 83 12 28 95 29 7 51 111 48 123 112 1 95 123 36 71 94 80 106 81 64 118 97 102 110 23 50 89 26 47 11 126 122 60 66 101 41 101 93 20 48 86 11 9 67 37 106 126 102 63 14 83 1 84 103 101 45 119 81 69 104 72 120 15 54 93 65 127 29 12 105 77 53 9 47 68 125 74 36 127 45 61 68 125 82 2 101 125 79 118 52 111 120 57 28 39 9 99 54 58 70 19 40 69 119 41 67 16
104 60 12 118 5 0 13 0 75 112 81 6 103 126 42 29 84 117 127 113 9 101 60 103 10 71 2 86 85 102 18 112 89 60 109 104 18 104 65 22 7 76 85 111 112 30 75 30 108 111 90 101 25 50 23 6 37 80 53 25 63 42 85 70 113 117 1 120 24 25 114 60 95 6 48 11 6 31 48 25 97 36 33 26 39 8 36 13 27 85 62 105 54 24 7 63 87 50 86 7 103 53 127 21 83 62 39 6 71 118 126 69 5 2 1 56 31 33 1 34 108 61 60 42 107 91 29 72
10 28 81 124 76 74 106 108 30 15 103 121 64 108 56 91 117 24 70 51 55 17 9 109 21 93 113 111 35 58 116 22 14 109 28 97 4 83 41 110 31 62 86 107 56 67 106 79 73 53 103 25 36 11 105 122 23 100 61 13 2 28 65 45 89 11 101 71 109 64 67 93 117 123 86 75 16 32 99 17 8 19 44 69 5 20 110 8 89 113 96 100 77 8 83 63 91 75 0 5 96 94 101 100 107 108 90 123 99 110 120 13 112 21 63 58 43 19 125 27 88 103 87 103 6 125 77 34
39 52 58 85 14 110 20 14 97 121 106 74 39 114 76 83 36 86 53 0 5 82 93 112 60 15 41 72 38 6 65 75 76 124 9 102 42 30 50 120 82 18 82 110 74 9 54 59 118 125 74 92 21 116 98 7 67 124 55 103 47 48 38 15 125 99 114 40 48 37 3 118 101 101 120 91 93 111 19 96 124 39 89 91 76 18 73 87 89 56 1 109 1 111 22 127 79 93 4 18 25 75 27 107 27 103 89 13 113 4 38 110 109 49 19 108 92 25 35 74 33 41 62 13 58 22 105 36
75 5 106 65 127 48 114 86 121 29 8 71 25 73 34 69 16 48 100 56 118 48 40 3 90 32 53 107 111 27 20 10 65 121 9 7 97 3 108 50 56 94 62 46 55 89 112 32 89 12 24 1 68 96 3 70 95 64 0 14 42 58 75 38 49 6 14 105 85 50 55 80 5 102 55 11 41 102 19 118 6 0 111 106 94 21 116 66 80 41 56 58 98 54 65 108 71 20 82 88 124 103 31 29 68 24 126 42 8 108 64 21 41 62 26 66 32 15 63 68 107 45 105 19 102 16 54 104
47 12 84 8 54 7 39 81 88 123 89 87 50 40 6 106 110 16 86 47 106 99 75 7 113 33 59 33 15 67 71 19 39 119 60 18 14 65 6 1 14 113 38 66 113 108 103 72 9 94 33 18 30 126 37 6 5 104 104 123 55 32 93 95 46 9 41 101 16 0 69 99 27 60 68 79 28 96 8 88 98 117 51 114 24 29 59 69 11 126 30 11 127 27 25 93 62 122 6 79 75 32 109 80 73 127 102 56 60 0 125 66 108 43 13 35 38 98 122 71 95 63 114 67 97 40 39 87
54 115 65 59 114 55 68 107 49 70 73 5 84 79 109 3 107 18 2 34 52 87 94 119 73 62 17 22 9 114 2 16 104 96 116 124 34 18 105 114 88 119 27 82 27 45 101 72 96 40 52 32 88 67 98 71 88 73 13 81 127 31 20 111 108 80 45 109 30 20 84 51 77 64 116 96 66 95 103 89 51 120 65 61 108 8 80 2 121 45 77 36 81 54 51 68 57 118 15 64 60 124 116 115 20 24 126 76 35 27 83 72 114 29 118 43 101 54 66 104 88 80 127 103 59 114 61 59
108 1 13 62 69 22 0 26 58 87 41 80 10 49 89 31 38 114 62 99 75 6 79 29 76 100 64 55 97 5 32 66 71 58 114 84 39 0 5 100 87 46 77 72 23 50 64 66 123 117 5 47 62 29 64 86 83 97 83 57 60 95 38 48 6 64 60 70 75 107 85 1 105 7 40 122 77 79 96 7 118 110 33 110 11 101 62 21 79 77 35 23 117 19 28 46 118 13 39 49 125 100 43 17 29 42 54 94 107 11 40 92 30 110 75 66 67 89 104 46 62 124 34 38 123 22 124 96
6 77 105 73 74 64 104 1 101 26 42 124 118 119 123 114 41 72 4 41 13 62 120 32 44 2 82 102 58 53 80 101 81 20 80 3 23 54 39 85 79 0 79 95 36 36 66 93 119 38 76 26 116 70 20 109 18 50 74 19 117 81 78 69 102 6 61 116 66 2 127 26 10 80 111 51 43 48 66 43 14 39 54 31 90 26 28 1 58 53 56 35 69 74 87 30 10 52 96 18 118 1 57 24 13 8 40 6 105 17 41 24 3 77 89 24 11 15 90 69 39 96 93 49 27 83 97 62
103 12 28 87 53 118 74 62 11 111 112 15 30 119 31 107 14 64 38 93 65 52 10 25 0 85 28 86 47 22 13 90 22 74 82 108 76 21 11 96 127 85 89 91 45 126 31 70 98 69 54 4 75 54 82 29 126 24 53 46 58 87 63 58 85 38 33 75 55 77 8 120 109 27 24 28 25 76 77 39 26 72 37 119 42 63 26 15 6 42 41 46 24 117 54 25 84 119 15 85 119 102 122 107 78 67 12 7 56 117 80 120 101 53 114 6 67 54 43 55 21 1 100 2 71 12 2 78
26 71 87 14 85 82 105 122 7 80 39 107 9 102 38 19 4 1 94 76 115 114 120 116 25 112 53 6 119 112 36 25 90 83 87 90 34 32 15 74 20 95 92 96 17 66 23 113 114 82 3 116 73 32 118 24 61 64 26 0 19 58 108 38 30 23 114 52 31 87 19 93 57 102 14 39 87 13 11 38 34 46 8 102 57 74 30 16 126 108 102 41 74 67 32 107 122 18 33 17 64 31 32 125 28 9 111 40 107 59 92 2 126 115 52 65 41 92 75 9 92 41 99 123 118 124 74 88
46 11 38 127 69 125 54 14 121 118 72 100 26 83 108 62 106 114 99 41 114 63 83 35 109 86 77 121 42 1 105 31 68 64 30 27 20 42 51 73 19 1 103 110 33 60 127 60 82 37 43 124 77 108 44 12 124 14 106 79 77 107 21 126 73 3 4 39 52 29 124 105 17 71 41 58 77 31 112 15 93 86 79 8 76 24 76 62 47 71 114 53 68 39 80 29 103 53 100 56 87 113 120 71 59 113 12 56 39 67 68 49 98 63 55 27 98 87 41 20 112 19 45 43 110 81 49 71
84 119 101 90 55 93 114 96 98 31 76 89 98 60 76 45 57 15 50 73 90 116 1 71 31 84 21 77 89 24 17 101 99 116 0 75 34 48 85 88 114 20 53 77 52 82 18 123 7 66 101 39 49 60 112 31 26 10 118 45 108 4 3 44 77 3 123 107 100 12 9 97 97 57 7 116 85 102 101 86 113 12 48 116 80 38 55 75 107 69 109 56 59 63 112 86 50 98 97 46 125 34 97 43 81 121 17 86 11 90 98 23 120 83 72 91 19 47 99 20 1 101 47 40 117 35 58 60
75 83 49 27 33 48 18 24 98 21 10 28 87 82 0 122 64 80 81 118 66 53 68 72 21 34 65 120 63 113 105 14 61 57 17 103 64 86 114 54 98 121 86 71 18 69 114 111 64 74 8 111 105 11 74 1 20 99 8 37 85 33 32 3 72 117 116 18 31 61 12 115 77 110 79 97 13 12 51 96 9 102 101 26 72 24 40 68 50 120 58 76 52 116 39 9 55 40 105 22 37 105 19 35 99 89 50 113 17 125 0 52 73 12 22 127 59 89 19 45 49 112 97 2 12 41 69 25
34 32 102 73 108 72 21 39 55 104 105 14 55 93 122 97 122 60 114 83 65 88 126 106 75 101 66 124 10 77 30 26 37 102 125 115 99 92 27 114 127 24 35 55 53 9 67 108 123 76 84 110 112 57 9 90 16 115 30 92 90 111 3 113 101 3 11 5 5 55 126 43 42 74 118 92 58 57 104 76 76 82 104 99 84 34 65 101 80 107 88 29 12 80 124 112 68 49 31 17 122 114 49 86 97 113 53 40 50 114 62 77 27 41 89 24 81 72 13 44 0 86 36 74 15 4 49 90
98 10 8 101 89 98 108 72 114 74 0 77 113 1 30 11 47 64 115 66 89 20 99 74 87 31 72 21 37 42 54 61 39 109 59 113 4 93 5 102 42 71 22 33 98 29 63 37 83 28 4 22 121 63 27 8 103 103 85 36 36 29 2 100 4 3 95 115 126 32 46 15 106 20 37 89 35 3 119 81 67 113 114 92 60 6 73 92 45 57 60 43 103 127 93 87 106 86 40 121 50 2 79 20 120 108 35 7 64 55 44 22 70 117 78 61 19 18 52 70 91 53 76 12 124 126 100 44
103 7 89 71 69 91 49 121 18 76 83 125 100 101 6 61 103 10 111 110 121 41 109 126 20 53 43 12 25 32 90 13 26 18 72 72 90 52 11 83 127 113 110 10 43 126 103 1 90 68 12 39 50 98 50 18 32 89 33 68 50 103 85 42 88 104 89 121 71 18 5 122 110 50 71 67 40 13 119 29 120 41 78 64 66 75 102 33 17 14 88 10 120 67 25 24 62 110 91 77 47 16 90 2 125 92 9 100 125 123 95 63 65 46 52 112 61 118 17 125 114 80 25 55 115 109 19 18
68 100 65 36 50 9 117 91 118 43 46 33 90 124 28 60 120 68 43 36 12 15 18 31 58 113 44 44 38 67 11 0 63 106 20 91 8 79 121 89 27 10 80 116 92 106 91 89 109 72 67 67 86 14 51 67 49 16 88 10 43 38 10 105 97 125 9 5 29 113 114 106 63 28 1 57 109 20 29 18 44 92 51 61 38 32 67 81 59 109 46 71 12 93 75 107 102 74 81 9 87 60 36 37 36 87 127 40 107 94 118 28 95 124 121 102 83 124 50 32 24 2 28 116 39 84 114 3
2 45 32 41 94 11 11 29 26 102 51 79 59 30 12 34 11 7 96 113 127 19 124 82 80 89 89 41 69 47 21 30 88 30 50 26 59 111 80 84 21 94 22 78 25 97 93 23 68 120 105 38 49 30 122 84 125 16 56 40 47 73 23 95 18 58 16 51 88 34 120 98 100 72 76 102 68 50 53 83 87 84 90 58 40 32 94 42 70 50 53 74 28 77 110 108 56 41 22 93 51 38 88 70 64 69 35 117 86 65 28 7 42 26 112 71 77 109 107 112 78 52 116 38 13 57 16 126
95 49 27 2 62 59 5 103 102 114 53 6 106 98 83 75 46 102 29 27 106 96 26 57 50 55 1 83 100 15 104 38 90 9 12 108 106 71 69 87 46 118 63 15 36 28 112 122 59 88 69 102 27 29 85 31 9 97 41 94 76 105 80 77 96 16 88 64 47 19 36 39 41 97 24 57 72 81 127 8 95 38 124 23 119 83 91 9 72 115 82 62 33 70 74 45 38 3 74 44 42 104 89 68 105 5 60 34 28 118 2 8 74 102 30 40 47 73 39 11 99 20 107 45 117 107 22 125
126 112 9 98 18 31 74 25 79 94 90 20 50 126 13 8 74 4 57 113 79 0 62 72 8 0 127 3 87 49 14 63 82 59 6 61 99 115 98 112 4 12 20 16 112 55 36 39 92 103 107 83 6 36 34 85 112 69 33 63 15 127 93 0 99 35 80 75 59 3 76 22 32 44 126 97 47 51 24 12 91 67 22 47 18 27 21 41 56 54 92 74 31 26 50 126 1 82 88 106 52 22 93 25 65 40 73 9 66 16 91 120 96 42 64 118 86 58 91 66 68 57 63 98 113 81 103 95
118 95 18 33 117 91 74 62 124 75 72 99 43 28 51 32 12 18 30 65 36 45 71 66 107 106 90 37 28 43 83 75 82 118 21 35 105 2 90 119 43 58 7 52 65 105 114 122 62 70 2 108 32 75 69 97 46 17 2 24 83 5 43 103 127 50 126 28 11 64 95 48 3 82 51 86 77 35 49 94 92 116 107 63 111 99 72 31 92 44 19 125 53 105 58 21 121 102 115 105 73 13 120 25 16 52 4 41 34 22 77 12 40 13 106 59 32 96 83 63 29 30 45 79 1 19 127 26
84 42 75 127 23 21 94 8 13 34 55 86 123 35 70 90 42 78 121 98 18 85 107 126 61 18 3 74 59 104 93 6 89 67 65 101 21 127 115 89 88 78 95 55 67 73 123 122 2 10 0 39 98 36 80 94 37 88 79 111 68 10 90 107 3 89 87 51 107 19 40 54 84 86 95 66 46 104 46 96 39 80 96 106 37 91 39 6 42 47 63 12 110 71 18 119 80 92 85 24 27 11 120 108 27 26 60 106 118 66 100 86 93 59 8 100 2 26 9 5 12 26 10 12 107 4 60 51
6 118 42 122 32 38 84 75 118 75 18 94 24 26 72 97 14 33 3 31 123 117 71 61 60 23 74 61 63 29 60 69 69 115 65 109 64 55 117 122 72 22 98 99 95 61 15 53 48 38 55 101 125 41 95 69 45 107 89 54 22 125 105 47 111 6 73 107 21 20 120 90 105 68 54 111 101 10 36 79 15 23 48 95 92 98 9 53 22 10 94 8 96 46 12 65 73 46 117 99 68 18 98 61 19 87 79 68 20 72 98 107 65 72 14 17 40 122 101 100 46 111 67 85 111 23 85 121
127 24 44 65 14 22 93 124 39 83 80 50 62 19 51 25 124 85 13 68 115 13 35 111 52 85 122 45 88 116 81 89 37 4 43 46 12 75 29 46 73 66 98 28 59 42 46 108 73 20 82 20 34 110 7 111 107 114 79 76 47 111 105 16 91 17 8 66 38 80 53 47 30 50 91 113 87 7 86 106 76 109 76 96 46 64 121 71 61 93 88 13 110 61 81 106 81 86 11 72 60 62 117 68 23 35 84 109 110 38 14 31 102 3 98 85 90 1 36 52 47 32 121 108 81 72 63 68
62 36 121 31 66 79 65 9 57 51 102 98 16 104 125 0 89 117 26 87 106 116 58 64 103 104 86 125 20 47 88 35 45 18 102 26 40 66 100 74 72 5 56 58 74 40 22 3 119 106 41 47 58 38 10 77 62 44 31 24 5 11 51 106 117 36 34 121 77 65 28 102 45 11 67 119 97 31 33 121 118 41 0 78 71 113 45 2 100 37 119 55 123 3 84 4 15 43 23 3 59 113 21 44 29 18 70 29 45 16 39 10 125 13 49 47 36 1 75 29 1 45 31 122 68 86 17 10
59 59 106 62 114 66 81 5 30 108 117 63 83 61 43 63 108 16 0 50 84 19 79 86 36 111 23 97 44 102 72 2 60 79 48 55 122 22 92 72 120 87 85 121 92 55 45 22 61 43 66 102 73 112 59 122 68 63 6 34 66 39 46 90 42 31 107 112 1 41 8 68 53 92 39 16 49 57 23 23 10 32 67 14 7 75 102 66 105 4 81 111 119 101 18 114 68 72 60 1 68 70 61 23 5 9 57 33 87 73 2 102 95 35 62 71 28 19 91 103 100 0 24 21 96 98 97 94
28 117 91 60 3 33 72 55 59 5 97 74 84 117 26 13 87 85 58 13 28 82 12 91 4 57 9 54 51 5 102 45 69 83 104 123 82 123 63 58 107 45 0 119 127 122 44 11 19 65 7 58 107 6 54 127 124 123 7 39 94 46 13 53 75 119 67 76 19 41 24 59 32 7 91 81 61 69 116 53 73 3 115 76 103 79 97 108 8 9 85 8 10 74 95 18 46 17 4 32 13 13 85 70 54 98 99 89 31 108 62 125 17 97 2 4 99 81 66 15 105 92 69 51 101 102 5 25
122 9 5 21 104 32 43 5 73 32 54 104 2 50 73 90 28 98 96 38 106 80 65 56 12 50 11 29 6 20 45 91 59 109 87 61 7 114 13 95 22 113 70 99 36 37 45 29 119 70 6 105 42 98 10 55 51 125 35 49 50 114 57 88 90 37 107 82 78 6 97 97 47 17 15 97 83 19 71 32 103 50 79 28 54 76 95 5 101 77 27 55 100 52 115 43 73 51 57 12 101 58 3 86 90 57 21 70 104 34 15 62 4 19 106 13 53 97 11 49 119 19 100 116 27 19 12 117
68 35 25 5 37 72 77 70 97 29 72 104 46 16 77 40 98 73 70 42 42 85 81 106 70 115 53 94 126 100 17 86 69 84 55 123 65 83 7 51 6 100 95 43 52 54 83 75 19 85 13 110 34 13 96 54 100 63 44 112 41 8 76 112 34 121 90 123 36 35 120 25 126 42 64 106 102 102 95 29 66 28 115 127 70 121 12 8 69 39 75 14 50 67 4 0 54 85 16 22 124 62 47 85 110 2 112 28 86 85 120 85 72 21 76 73 9 38 33 16 106 103 80 21 47 24 14 106
118 59 78 44 17 40 69 46 47 64 109 47 83 102 78 69 75 56 19 52 92 87 31 38 117 30 114 92 59 118 120 83 51 9 67 124 62 98 106 41 94 54 56 119 15 74 90 94 111 103 76 44 107 41 108 16 30 7 19 96 75 108 6 12 26 98 27 107 107 46 56 100 49 33 105 31 95 120 74 113 58 85 106 111 56 103 52 64 91 34 111 23 15 18 31 77 27 21 54 79 28 11 87 39 62 113 107 92 49 108 114 98 30 57 88 75 30 65 55 33 40 68 123 19 111 60 38 4
3 14 112 33 21 110 56 80 47 14 25 8 3 81 62 56 32 2 40 11 82 18 41 121 119 100 31 8 77 71 63 72 4 32 75 31 111 44 46 82 86 19 22 113 23 10 59 104 50 77 1 5 63 11 93 115 61 32 17 85 5 107 38 108 32 69 99 3 29 45 58 65 119 13 111 83 69 124 110 125 8 33 24 124 88 114 0 124 16 70 45 37 44 41 40 71 72 85 98 28 105 110 96 76 118 35 102 106 125 17 52 101 86 19 47 36 19 119 14 45 10 72 31 120 100 44 14 66
118 37 65 34 14 87 22 104 76 104 103 110 28 7 118 57 16 64 64 92 70 114 10 119 83 18 122 70 116 40 8 125 54 41 27 126 47 109 23 117 100 4 106 5 120 111 68 120 75 113 3 76 122 82 55 97 35 3 20 14 48 47 124 25 49 38 44 67 73 7 106 127 25 24 55 88 113 99 30 95 44 84 70 69 3 124 117 25 117 35 103 22 99 110 2 15 72 84 122 68 24 116 88 115 36 113 91 22 5 99 40 21 47 74 122 27 6 14 8 12 70 104 98 23 16 80 102 64
75 25 102 88 21 40 13 33 42 13 118 100 0 98 44 68 98 21 84 95 124 60 117 42 14 120 3 97 102 34 67 88 93 28 89 122 93 81 82 23 115 55 26 52 37 61 76 27 87 72 16 18 94 26 118 95 104 12 99 93 8 46 120 122 125 71 93 86 12 45 59 102 72 23 77 97 122 98 35 19 29 85 1 52 109 57 42 122 15 103 112 6 51 87 47 3 55 61 53 45 123 7 17 105 50 116 48 65 112 66 64 78 54 39 103 5 120 55 88 23 78 48 30 102 104 119 57 76
20 105 70 43 79 10 113 13 38 115 119 22 44 95 13 14 44 2 100 35 24 99 9 35 56 119 29 35 15 85 46 101 27 28 109 16 44 84 104 77 29 15 56 25 23 7 98 127 94 81 19 124 31 39 100 34 113 42 4 2 41 117 13 3 4 28 14 2 123 20 114 73 83 117 21 112 8 126 28 30 114 66 92 67 24 86 22 108 105 80 126 63 89 31 37 62 6 106 106 99 63 115 61 123 50 18 45 32 60 50 73 80 104 111 68 46 110 41 8 118 70 63 86 5 88 96 33 112
33 113 12 87 52 99 80 35 108 62 116 43 54 45 110 78 103 59 6 107 90 71 82 113 1 18 49 10 110 122 94 44 8 32 76 24 123 16 121 23 92 35 29 69 51 105 74 61 95 4 66 81 54 104 2 78 45 44 102 62 100 91 100 81 46 13 76 94 37 122 113 40 65 53 123 119 12 33 56 6 92 6 86 117 35 125 66 89 10 119 108 3 107 108 75 43 19 50 97 103 53 117 36 31 103 69 51 8 114 80 84 48 55 9 25 59 20 52 43 47 59 65 49 71 117 72 86 109
28 63 44 78 45 20 125 124 35 120 1 48 11 75 60 53 123 50 124 117 66 24 109 97 107 119 101 92 22 116 72 51 43 32 6 79 46 37 3 106 29 64 100 92 105 64 96 7 83 89 1 105 55 39 117 123 104 118 86 49 107 20 66 106 93 43 23 119 90 118 67 125 22 37 73 8 92 63 91 117 113 117 106 31 1 73 122 84 100 67 66 77 114 79 113 72 60 83 59 4 68 109 38 63 68 28 16 48 14 66 109 88 79 94 118 26 82 79 75 82 85 127 38 21 126 48 61 53
52 76 28 114 78 17 119 64 102 95 1 35 61 5 97 125 70 105 101 27 42 40 62 37 104 67 75 41 127 103 69 61 103 61 83 93 40 35 103 33 22 37 53 91 80 106 90 44 111 6 126 17 23 47 1 80 49 106 102 18 44 27 127 107 31 50 0 32 29 31 63 34 20 21 33 100 100 113 87 92 15 121 59 64 80 100 80 112 9 73 113 108 23 51 69 66 65 88 39 113 56 15 103 53 4 99 32 74 72 27 45 67 12 96 9 80 106 54 44 45 46 33 75 15 26 24 60 66
55 119 75 10 46 59 24 27 12 70 95 74 66 104 122 58 8 102 104 64 0 27 76 81 56 20 28 107 50 67 21 117 125 34 34 6 43 99 69 116 17 56 62 38 72 33 47 7 116 103 3 98 114 71 30 112 63 12 103 23 64 76 50 27 60 59 78 5 81 55 27 26 106 44 71 36 106 92 83 2 108 64 118 79 115 91 72 30 110 31 23 55 71 37 60 0 48 101 35 51 21 74 78 83 98 14 83 2 93 53 39 24 4 125 74 119 73 18 106 70 22 81 23 7 54 6 94 42
48 60 29 105 51 124 66 71 101 28 27 107 83 45 15 23 96 65 89 28 2 19 110 99 36 123 10 27 83 109 91 118 75 39 117 5 47 36 119 81 31 73 81 114 63 60 28 92 84 7 98 59 92 36 56 5 58 88 102 122 4 61 123 61 121 80 106 87 82 23 109 53 78 64 60 19 56 106 49 77 87 65 69 51 45 88 65 20 49 29 85 73 69 40 87 28 49 3 44 76 10 75 28 48 123 93 109 30 21 50 103 92 101 117 71 33 25 4 41 112 43 121 48 82 75 121 63 75
115 123 95 47 56 4 35 7 72 67 35 108 53 31 91 2 126 57 44 63 34 39 81 66 6 46 105 110 98 28 81 25 85 67 43 91 82 90 108 90 46 51 19 22 48 68 16 118 86 6 56 55 124 17 79 30 92 8 105 108 59 77 67 59 86 5 84 52 102 57 9 64 121 110 104 16 114 99 34 61 72 55 47 6 57 50 74 120 38 26 101 89 15 42 89 90 30 58 94 26 33 70 62 72 52 22 36 80 36 117 1 96 91 118 32 31 68 118 9 104 8 27 15 98 17 95 41 70
114 9 76 108 118 127 61 21 114 30 27 56 55 62 72 70 40 5 48 117 34 33 83 67 90 32 39 94 98 19 87 92 59 25 50 121 105 0 39 114 9 99 44 55 109 102 72 94 63 51 35 64 102 52 116 113 29 72 82 38 3 68 98 63 6 88 19 89 105 40 14 122 44 70 9 2 109 52 105 16 72 71 93 84 3 116 23 35 119 50 37 47 11 77 123 61 55 22 102 23 99 33 57 59 107 2 61 84 39 49 106 99 116 69 18 49 17 124 67 41 39 69 9 71 8 73 30 12
89 15 114 79 28 57 29 51 96 15 79 71 1 111 8 18 8 33 23 58 63 119 120 39 112 84 126 114 17 7 38 48 84 90 7 75 124 65 21 41 63 18 61 103 60 36 82 120 11 76 62 99 71 101 24 95 56 83 30 4 57 108 23 85 119 28 50 121 5 18 94 7 45 92 11 56 36 19 46 41 0 66 34 22 43 22 27 22 34 64 94 125 11 52 43 8 86 78 124 99 85 89 107 56 12 126 0 11 19 77 119 27 122 96 114 70 75 101 15 73 31 119 103 41 24 20 61 59
1 34 16 38 36 77 13 122 124 83 32 18 76 47 3 104 62 28 17 113 3 61 115 110 72 90 18 122 127 61 72 4 119 44 123 48 88 69 90 73 97 66 78 35 114 40 48 50 106 81 121 64 16 0 40 45 76 37 79 53 34 62 4 22 99 44 43 31 109 25 91 13 16 82 99 87 64 9 6 96 16 53 72 112 72 76 15 54 85 55 104 53 103 7 72 20 82 93 49 17 49 86 28 46 39 17 19 121 53 18 115 116 118 59 3 107 35 44 95 79 93 125 15 118 33 64 65 81
43 33 75 83 114 38 36 80 35 100 91 65 68 105 4 15 99 21 26 32 21 105 1 17 109 33 104 50 83 60 126 0 21 51 12 95 26 101 6 62 36 35 108 3 57 22 79 79 119 90 70 23 105 59 36 15 97 12 92 48 82 119 84 90 72 41 42 6 115 38 111 118 106 17 55 107 96 113 14 88 83 76 93 69 62 27 89 98 118 56 90 70 35 114 59 116 14 123 31 76 97 59 117 71 75 95 36 124 107 24 51 51 77 50 117 38 116 4 63 120 35 8 59 10 122 77 75 17
5 95 29 90 59 124 15 9 8 11 124 32 44 124 48 88 68 15 89 104 63 87 123 27 9 19 29 75 63 62 92 113 29 82 121 127 111 63 94 46 99 118 50 5 124 46 34 97 20 95 110 58 38 100 34 24 53 48 85 2 119 103 68 13 18 93 103 58 109 51 86 67 66 48 18 4 66 7 102 29 42 125 32 77 87 7 124 44 21 118 16 120 127 83 62 2 84 15 51 7 42 53 20 107 103 22 55 121 46 15 119 88 90 101 31 5 87 109 68 7 121 105 0 115 51 92 42 106
101 24 71 40 52 124 83 96 121 19 16 109 86 47 9 105 65 50 88 35 18 35 21 16 49 37 51 6 60 29 86 59 69 37 26 121 113 75 84 114 17 56 36 74 77 58 12 115 23 31 103 67 106 82 121 6 86 16 77 75 79 32 98 116 115 18 97 59 92 126 7 82 50 78 20 13 79 19 78 77 42 69 98 24 124 14 69 57 105 94 35 88 74 38 47 31 102 2 9 107 64 91 78 49 57 43 50 117 123 27 29 121 39 51 13 84 91 55 119 54 50 102 123 115 35 7 117 52
39 91 47 15 125 21 40 86 82 94 35 105 98 25 122 14 91 44 72 17 7 32 50 99 28 75 42 112 82 77 123 26 88 76 109 24 78 1 15 57 102 114 104 99 61 61 126 25 50 115 66 99 110 53 115 17 78 51 51 125 83 21 89 37 82 69 69 114 43 99 74 100 38 60 90 46 79 95 78 34 108 106 108 67 61 41 81 6 70 84 68 76 113 64 43 99 64 63 88 126 74 26 24 77 20 29 1 84 95 53 5 20 5 32 104 3 8 73 23 75 94 27 49 26 9 59 77 89
31 76 47 108 85 100 54 44 92 116 33 110 41 53 117 21 70 115 104 127 39 71 8 79 12 75 117 74 121 67 98 49 71 15 41 69 57 71 115 95 26 19 87 120 121 46 15 43 53 125 62 97 98 89 37 15 127 6 25 5 101 48 68 49 49 43 11 6 32 62 41 8 106 116 7 115 6 19 87 98 20 121 97 107 83 72 51 112 27 60 84 28 114 122 101 68 114 65 87 83 21 113 69 97 101 36 30 3 71 2 108 98 112 91 51 40 54 118 18 70 22 76 113 19 17 120 39 75
102 6 30 62 61 82 22 127 11 38 52 124 86 92 99 68 119 89 2 46 42 63 12 66 13 97 25 39 19 108 121 61 121 18 104 36 78 109 88 126 127 98 119 60 114 77 103 35 22 49 1 89 91 8 50 105 121 7 35 108 113 68 107 95 86 80 80 12 46 101 11 85 78 79 89 71 80 29 121 10 123 29 68 81 98 79 15 67 20 70 88 8 63 80 90 37 15 114 80 109 22 45 7 105 45 55 50 13 125 37 28 68 64 74 114 6 2 49 91 101 33 68 112 78 77 122 43 94
111 9 110 38 26 41 26 89 18 15 91 86 40 58 106 60 28 86 96 31 69 46 89 37 84 58 87 68 3 49 24 81 4 8 26 94 62 12 11 101 13 79 69 71 90 100 35 113 3 5 101 41 87 53 97 103 5 100 120 25 26 114 74 32 37 61 84 75 69 51 114 23 25 109 39 62 45 125 125 5 89 11 34 77 102 75 127 124 111 45 105 111 89 16 17 12 51 39 16 11 45 26 96 123 41 87 39 80 35 85 122 2 41 44 81 25 23 40 38 12 55 82 63 127 91 5 23 18
42 85 82 101 13 74 54 46 89 99 89 47 88 26 96 106 57 108 36 25 63 57 38 61 16 0 20 95 78 3 105 46 44 75 88 74 104 5 16 123 62 117 97 44 30 46 65 46 23 10 111 96 0 51 53 92 48 97 68 31 121 102 104 98 28 87 90 74 1 59 43 101 89 43 86 101 33 22 105 60 49 64 18 49 29 103 51 71 108 34 69 71 115 97 33 47 77 27 10 47 81 55 58 51 30 22 10 102 7 103 48 74 59 20 30 86 56 44 119 106 2 94 6 35 51 12 31 49
34 68 52 59 4 18 63 84 64 112 43 126 78 101 96 11 54 67 58 79 23 110 59 62 53 74 44 79 35 83 109 107 49 118 39 114 6 71 29 122 51 36 18 117 30 19 90 114 61 122 89 5 22 51 106 103 43 108 123 45 41 76 81 102 43 80 49 100 91 49 28 94 59 93 70 21 30 19 14 4 54 24 98 19 83 69 51 51 122 64 23 32 22 113 109 19 24 49 9 96 14 18 8 60 81 103 52 22 99 122 62 79 106 48 22 76 118 30 6 94 53 89 19 46 84 38 97 78
118 51 38 52 33 34 124 95 81 27 65 89 54 100 90 64 54 81 7 106 101 42 87 75 68 120 80 67 89 96 48 70 47 17 20 27 116 44 18 117 8 17 54 87 81 110 102 11 92 28 126 29 32 43 45 118 55 17 27 67 85 72 16 56 45 28 115 71 81 111 114 76 115 50 65 86 117 31 53 106 126 112 65 121 42 89 60 61 93 114 36 123 109 93 32 58 75 48 28 88 16 125 31 105 126 40 101 9 120 6 50 117 56 41 26 50 126 111 21 54 118 59 11 48 64 114 111 117
100 30 121 114 116 116 73 89 23 51 33 88 60 127 79 79 85 6 72 126 14 45 111 106 119 102 106 111 4 127 106 95 83 22 102 42 12 5 43 74 125 59 65 35 88 85 99 69 28 69 123 107 82 13 48 59 122 97 127 34 70 66 57 85 105 95 67 95 60 45 24 17 53 18 69 118 2 63 116 80 117 66 81 97 107 117 7 127 122 54 7 59 73 93 78 6 1 27 108 21 5 81 116 51 38 68 102 15 76 81 13 94 17 46 32 22 22 42 118 5 22 56 102 3 113 54 31 95
89 61 73 2 31 127 117 36 40 97 76 12 63 116 24 21 124 5 59 117 68 67 3 65 48 102 81 2 46 74 118 18 101 100 47 62 46 100 93 77 89 112 79 115 4 47 15 96 61 74 121 113 45 92 63 88 89 3 127 42 68 6 126 47 4 123 6 53 81 3 73 61 27 23 31 46 29 25 8 40 119 13 58 46 92 46 30 15 55 53 67 46 10 5 1 60 9 37 42 106 57 113 11 98 76 9 71 109 89 32 29 101 9 112 4 92 35 110 22 53 97 100 51 14 105 70 114 78
95 98 102 88 31 33 18 16 80 60 55 21 88 93 8 33 16 66 41 57 125 45 71 77 102 86 114 121 31 40 23 6 62 7 64 18 70 45 76 31 59 47 94 77 27 48 101 73 1 125 82 74 114 36 50 116 13 127 116 126 57 32 26 15 16 77 69 17 38 105 0 46 41 12 70 99 17 88 8 41 58 36 126 94 62 4 26 76 115 107 29 10 5 81 50 20 16 2 78 58 55 82 125 75 14 98 90 80 121 23 83 82 86 74 32 42 40 31 92 37 12 84 3 120 79 50 11 103
35 126 122 76 10 49 55 67 84 21 78 114 0 5 102 99 1 49 16 113 96 42 68 55 111 72 88 112 39 15 90 35 92 57 71 33 113 74 122 109 27 33 96 7 123 21 55 57 3 61 116 32 19 122 126 72 70 108 66 32 108 68 75 38 30 54 48 93 58 16 38 121 80 72 114 13 115 43 117 69 68 76 30 73 61 61 5 73 16 51 92 109 17 76 44 35 40 110 127 114 120 98 47 54 76 64 78 19 112 57 0 112 59 36 39 109 121 125 108 67 110 71 7 52 106 19 65 118
99 19 30 109 25 40 20 1 100 32 123 63 45 71 28 82 93 16 59 30 95 96 127 100 71 52 75 60 0 32 112 55 102 25 58 101 83 79 55 53 71 122 98 37 56 22 21 36 5 87 47 112 53 52 109 102 26 31 53 66 22 19 20 30 19 76 9 0 92 20 100 124 35 53 0 56 48 54 13 108 86 32 29 26 84 76 6 39 42 101 94 26 18 101 78 102 105 96 22 11 74 39 100 87 87 123 74 15 103 4 100 69 15 114 68 39 88 35 83 57 124 80 39 30 100 41 78 110
68 39 1 28 108 66 27 102 92 114 53 17 41 2 122 88 92 71 47 63 50 119 4 67 103 60 3 110 126 17 75 34 71 90 100 107 118 40 97 112 60 81 41 33 71 8 93 71 110 43 63 24 122 49 65 71 110 44 23 24 25 90 70 6 33 98 102 127 78 48 59 114 85 70 25 108 53 122 44 48 92 63 48 37 47 8 34 78 123 115 30 25 15 107 5 57 34 124 78 37 65 50 49 98 118 51 3 65 107 93 15 19 74 27 19 6 105 48 106 51 90 7 126 90 110 13 49 50
72 70 122 55 45 105 85 50 110 73 66 120 46 86 59 61 85 32 29 20 104 122 67 8 29 30 108 111 33 114 87 60 17 11 123 97 73 11 27 61 77 62 54 103 113 11 93 17 32 14 53 39 94 61 126 36 6 79 81 125 8 116 126 92 94 31 8 53 83 109 8 91 33 81 84 32 108 52 39 100 56 84 27 102 70 64 99 50 68 6 26 75 42 9 86 64 109 105 54 49 39 102 41 73 28 102 36 114 1 44 108 26 2 15 33 89 88 121 85 71 27 49 41 16 47 101 92 78
126 17 117 11 78 25 121 19 106 123 112 99 48 67 102 80 45 7 4 82 1 127 60 37 54 58 0 37 14 116 26 50 70 59 16 10 4 81 78 72 108 23 40 120 105 51 64 74 39 28 71 11 108 11 16 80 7 87 118 91 18 47 90 2 42 119 70 32 36 5 39 17 34 21 52 69 66 14 77 27 19 89 106 62 107 79 29 59 18 21 97 104 41 3 48 14 76 23 89 6 111 29 2 64 1 29 63 70 74 59 15 21 32 120 20 78 55 117 85 47 81 72 93 84 95 59 31 102
24 66 74 8 75 44 32 114 46 42 102 94 126 108 120 109 14 44 86 114 85 12 43 58 99 11 4 61 94 25 8 91 23 90 6 42 73 69 61 65 88 56 113 116 123 37 20 47 6 17 69 96 17 24 76 103 100 45 52 116 126 48 14 86 99 106 119 33 98 103 61 1 6 72 33 99 112 72 38 9 108 64 22 1 29 33 97 13 113 105 49 55 117 29 33 32 103 32 8 10 49 113 30 11 5 60 56 39 108 116 26 106 105 122 16 59 16 84 110 1 41 45 95 47 34 98 31 94
27 28 109 46 34 81 97 67 66 125 65 73 66 6 94 88 67 3 52 57 82 11 24 94 122 15 14 91 39 32 63 86 51 60 7 36 117 88 122 30 30 113 97 106 117 29 71 105 32 80 84 29 25 76 110 104 19 102 93 21 75 124 65 40 44 65 22 82 95 30 101 13 48 8 73 88 75 125 40 102 2 18 113 8 105 7 21 116 118 49 59 74 10 19 103 126 74 33 70 31 1 48 37 67 4 69 55 108 12 16 120 4 113 2 57 64 9 102 66 50 84 101 77 7 114 117 95 36
40 49 46 85 83 60 49 16 73 96 115 27 47 98 63 121 53 30 38 80 107 124 66 23 103 102 27 65 120 90 44 60 48 9 71 20 69 107 1 92 121 83 33 5 63 127 54 56 89 99 25 29 72 109 73 8 79 86 19 4 4 92 63 111 9 33 124 38 81 18 61 108 84 19 5 113 116 91 118 89 47 115 38 90 82 3 13 89 52 29 82 11 68 85 10 51 67 40 81 100 66 11 81 103 11 63 38 80 111 9 54 59 59 48 50 50 89 123 11 41 70 38 120 79 71 24 77 111
2 14 59 76 16 15 83 40 9 82 14 120 84 59 16 82 74 5 26 1 123 49 56 52 4 38 87 85 71 101 40 110 106 1 109 75 24 40 66 23 49 91 54 72 5 72 31 79 61 55 70 101 103 59 102 8 1 72 106 17 12 65 39 52 1 67 55 55 12 42 29 60 4 49 46 100 88 34 0 88 23 101 67 95 88 8 119 55 37 39 12 79 53 47 21 60 71 68 118 104 99 84 6 80 84 36 1 87 99 4 92 83 99 114 20 58 53 127 120 46 89 87 0 27 28 120 18 17
111 42 111 113 14 39 3 66 72 9 89 45 125 121 99 66 51 30 67 26 12 55 68 122 91 25 22 24 35 56 80 41 122 4 16 49 67 102 35 98 115 39 101 111 66 81 97 113 12 121 26 83 46 15 24 69 38 78 45 109 10 29 119 56 35 40 122 25 6 116 84 27 62 48 1 97 7 107 80 126 10 15 73 86 27 3 37 18 38 41 122 48 17 15 2 5 88 65 23 66 41 43 19 70 122 92 121 67 72 99 97 19 75 7 17 68 110 122 14 61 76 6 61 5 2 73 61 88
29 36 91 47 28 36 98 104 37 61 112 76 36 36 112 46 39 37 20 127 119 56 68 77 48 119 127 68 35 28 20 5 5 41 19 127 91 41 10 48 27 62 33 105 62 100 35 117 44 40 17 60 101 22 55 52 12 70 87 16 40 47 55 80 50 75 68 54 78 41 95 1 82 54 63 67 104 40 74 114 110 121 70 91 93 47 90 45 44 121 12 39 45 48 33 22 27 64 11 0 98 8 82 126 54 14 24 101 41 25 58 7 113 95 42 74 90 97 36 46 54 104 42 60 9 104 17 86
52 115 101 48 72 49 42 8 4 0 43 7 11 28 25 5 64 29 115 110 52 87 102 79 84 56 85 68 60 22 109 68 12 8 3 22 68 47 90 34 100 67 28 70 60 41 23 84 121 79 75 34 82 48 112 93 109 13 24 92 85 35 36 122 116 30 15 18 30 108 114 94 79 2 106 119 87 96 18 93 62 126 77 113 9 30 118 112 67 78 78 12 12 55 51 64 124 1 72 105 77 102 42 112 39 3 17 45 100 6 5 64 86 106 78 69 62 20 19 24 110 25 91 45 94 9 3 30
86 23 32 43 79 7 60 87 40 67 116 56 62 122 62 13 45 24 92 83 58 16 81 62 11 67 112 0 101 123 28 44 120 35 51 47 122 44 46 39 75 22 98 56 47 95 117 64 61 46 70 123 101 65 89 65 98 113 13 21 117 20 4 47 77 83 84 73 70 95 51 83 26 76 14 9 107 56 30 17 47 86 104 56 71 6 26 119 0 21 59 99 21 46 12 34 23 108 114 96 49 77 35 116 72 65 70 85 18 39 91 48 56 84 90 111 79 39 20 105 63 1 107 69 112 71 116 12
54 2 99 109 72 98 120 19 24 123 55 61 33 64 34 110 92 50 108 24 75 112 65 72 104 53 78 78 34 127 4 83 4 55 21 43 51 6 10 70 90 93 52 77 89 17 55 67 16 77 20 18 73 2 1 52 42 91 6 95 127 83 40 16 7 35 24 97 17 98 8 75 17 19 6 78 104 52 85 65 25 93 23 15 118 20 114 105 28 66 83 73 76 63 59 58 33 78 68 66 112 54 68 80 107 95 11 11 46 42 88 40 4 4 125 116 58 59 26 30 77 119 106 89 31 19 60 8
31 90 14 94 88 65 93 2 2 81 20 123 75 74 19 10 39 75 78 54 114 117 70 57 2 116 59 32 30 42 38 92 104 126 117 107 123 32 23 106 76 55 119 30 99 12 110 91 20 54 13 125 28 52 87 121 126 41 61 61 47 17 106 52 116 91 78 125 86 53 5 125 102 13 61 86 30 52 23 93 70 65 17 6 125 8 7 9 86 79 64 62 26 99 27 6 54 76 71 127 115 97 75 81 69 1 4 52 4 106 82 61 103 23 44 9 17 120 65 49 72 88 28 55 3 120 85 83
89 53 46 112 14 49 66 68 33 6 123 60 89 60 122 35 105 97 123 110 71 99 120 87 126 101 122 94 51 103 14 124 23 93 63 81 1 56 43 16 61 41 66 97 2 116 27 58 108 104 104 2 61 31 73 90 99 71 35 113 31 34 67 30 29 59 85 55 33 114 108 13 110 123 97 72 79 56 52 53 42 63 65 106 70 9 93 69 121 47 12 73 117 54 96 29 109 74 0 80 55 69 82 61 124 41 80 105 56 115 90 127 60 95 15 67 78 103 106 53 95 124 43 33 125 76 17 1
120 83 50 61 73 84 117 51 81 10 13 117 77 15 38 102 70 10 120 19 41 49 69 117 118 87 65 80 61 58 30 95 45 108 28 17 18 24 119 26 15 117 64 70 16 3 67 31 10 7 40 56 93 88 126 64 111 26 38 24 79 4 30 67 124 104 99 56 112 22 127 7 97 104 61 24 60 61 28 60 106 41 117 122 86 90 65 106 110 31 104 117 7 84 105 66 108 58 99 99 9 54 105 92 112 109 74 31 92 40 37 38 78 98 9 90 40 46 109 125 88 125 39 111 49 1 127 49
122 8 23 1 0 13 118 15 26 0 124 125 25 43 108 80 52 121 116 30 17 81 79 83 61 53 117 68 90 51 51 108 80 91 66 85 97 85 4 83 66 64 114 123 30 80 40 35 27 44 119 94 102 50 1 15 3 37 76 5 14 119 22 41 12 53 43 74 40 97 0 17 119 68 69 25 2 9 68 77 67 91 5 103 111 40 80 25 30 57 19 125 101 10 67 62 31 27 69 34 109 85 24 30 100 23 110 2 91 81 107 4 17 45 27 19 11 6 72 104 43 31 110 95 43 92 61 60
43 73 125 34 48 81 72 34 83 38 13 19 56 75 3 79 114 105 16 8 1 45 0 81 50 12 127 12 78 20 2 118 41 85 83 17 123 21 20 81 84 42 124 26 116 44 101 71 97 67 49 6 31 118 74 1 117 73 59 82 35 120 87 84 0 66 31 103 103 84 53 101 2 51 10 96 5 120 24 7 28 115 114 90 57 9 54 102 31 120 96 30 76 106 44 3 44 49 32 13 57 100 90 52 88 20 84 16 109 71 93 41 10 72 124 125 46 34 54 120 18 64 27 41 84 122 62 117
50 17 55 98 67 125 35 20 24 74 42 51 15 99 40 109 105 109 3 115 70 64 122 107 85 60 76 85 18 40 60 70 89 74 82 54 94 73 101 68 77 22 48 98 2 54 18 2 22 72 96 76 98 114 88 68 85 45 38 1 14 109 21 64 72 70 14 6 35 104 52 6 42 34 47 91 120 3 106 55 12 62 107 10 5 124 94 124 119 111 24 15 116 126 40 82 11 113 82 22 25 73 107 124 123 17 16 25 2 28 28 41 0 127 58 113 122 19 126 35 17 54 56 56 105 31 73 101
18 109 109 3 69 92 43 112 59 34 115 70 80 19 34 24 0 32 12 67 62 66 27 108 24 125 68 83 111 64 32 31 62 101 44 5 70 122 126 120 14 52 119 25 127 28 73 69 46 46 8 114 15 36 79 77 15 35 26 53 121 30 84 25 44 94 51 98 54 59 70 109 84 50 2 89 69 60 127 68 123 57 50 66 84 36 42 7 0 28 92 90 106 92 118 37 3 25 24 84 113 42 49 32 83 49 102 31 0 119 34 90 82 10 61 123 56 92 6 31 9 3 127 113 122 49 84 126
47 13 95 67 62 120 26 94 77 43 34 62 48 36 54 27 17 75 80 26 97 52 120 27 37 81 125 118 45 43 13 101 120 27 60 52 47 2 61 23 10 92 6 57 24 121 57 56 0 93 125 104 54 44 55 105 21 42 109 31 123 76 88 81 64 56 44 110 126 24 116 78 126 21 63 124 2 42 77 73 44 126 121 113 44 49 71 102 22 6 70 98 59 9 90 96 44 62 46 112 124 2 85 72 70 119 71 6 87 89 6 103 51 40 72 62 41 9 65 16 80 39 94 116 100 39 37 98
83 1 15 79 13 88 116 9 93 61 102 17 12 0 82 58 87 14 14 8 97 39 47 53 17 35 0 123 68 97 92 56 111 102 103 90 34 112 108 76 54 16 101 102 39 11 121 49 81 60 29 15 119 108 110 9 25 57 58 112 16 60 17 6 37 101 8 84 88 99 48 89 1 93 1 70 53 84 1 98 86 38 77 45 111 105 121 72 83 100 119 14 13 23 5 22 13 41 127 36 12 118 89 104 76 5 33 1 38 123 96 93 39 126 35 75 93 8 101 91 76 85 111 113 45 26 91 90
38 12 26 50 51 121 79 25 52 32 105 90 58 116 4 115 46 70 63 90 62 28 16 110 68 63 35 101 104 99 9 91 36 67 14 120 7 38 71 73 106 108 91 120 93 91 82 122 70 87 52 68 108 85 95 11 56 93 0 55 95 91 87 113 13 22 93 83 97 86 125 113 43 88 92 62 50 54 40 18 108 89 98 56 16 78 102 58 2 95 101 19 92 14 29 89 46 16 63 52 33 90 42 101 74 101 60 66 66 125 88 67 66 67 84 72 104 100 65 85 85 59 73 43 63 69 36 6
47 20 84 20 51 32 23 70 87 22 17 47 84 2 83 35 35 4 30 72 91 28 101 12 50 42 24 24 5 96 34 108 94 115 5 97 79 103 26 10 4 88 41 22 30 24 100 120 95 56 9 13 68 107 102 62 96 50 106 80 66 53 95 51 120 21 86 3 114 54 81 91 83 46 12 100 23 29 67 116 119 37 64 13 66 36 81 70 88 11 28 77 10 109 121 51 27 55 22 37 87 28 28 81 109 63 101 119 50 24 66 13 62 64 127 93 26 9 4 90 15 114 69 62 86 7 41 118
122 104 117 123 34 91 117 105 76 8 41 28 117 73 82 27 37 44 53 41 26 46 32 42 0 88 43 16 40 57 19 23 88 23 104 73 32 6 51 71 100 2 46 81 106 23 63 41 87 85 69 14 103 105 64 89 105 93 117 118 11 124 124 124 121 87 17 108 70 78 114 115 15 4 108 121 17 17 66 8 65 86 125 22 124 103 28 8 115 52 94 53 112 89 78 96 95 17 4 71 105 111 1 50 96 115 89 30 34 109 25 63 103 112 60 109 96 98 127 86 7 91 13 90 86 35 110 70
103 70 69 59 13 29 89 13 1 26 63 60 75 110 107 120 105 86 56 64 20 10 69 100 104 39 8 126 89 6 13 63 5 45 77 28 120 98 91 121 92 49 103 33 43 51 39 49 26 66 27 62 79 62 50 85 5 101 34 47 105 11 27 28 89 47 66 48 124 36 90 71 92 22 28 82 34 65 66 68 91 93 45 99 60 76 17 95 73 123 98 47 123 108 14 92 105 69 78 108 30 127 43 63 72 112 90 18 70 21 82 63 15 86 99 117 80 109 27 71 20 25 56 7 23 52 68 91
22 82 97 105 34 86 100 58 119 19 22 87 127 37 126 0 108 74 63 25 88 100 36 2 97 71 124 105 64 65 37 9 42 7 115 73 6 118 96 59 58 84 79 25 117 75 25 68 26 54 2 15 46 52 40 125 64 107 50 102 78 41 25 29 118 73 50 32 97 81 114 105 108 14 93 22 55 27 110 119 18 127 65 27 37 126 59 113 73 64 53 97 17 57 15 69 10 13 124 13 26 21 75 25 104 48 67 100 53 65 74 46 105 59 30 86 117 5 69 20 46 41 117 73 50 88 79 21
60 87 47 35 27 24 115 121 100 127 23 22 25 116 7 110 2 38 98 85 69 64 55 114 113 58 39 39 7 123 108 12 112 12 70 65 76 109 126 46 42 67 24 12 118 116 56 66 5 71 83 27 37 37 110 17 4 79 62 5 47 77 75 1 38 18 40 51 27 38 83 73 121 93 56 56 68 96 72 93 122 101 2 126 100 26 28 66 91 37 13 116 29 123 62 122 97 114 86 25 73 104 98 23 23 103 77 27 46 35 29 3 87 33 87 44 2 37 40 39 2 126 74 51 68 63 38 39
96 2 36 71 1 100 48 33 68 84 65 49 104 74 112 3 53 124 73 52 111 56 28 11 72 71 99 86 88 79 38 127 61 38 30 47 33 113 87 118 74 23 119 98 85 77 122 112 1 93 74 18 78 1 15 65 79 108 71 93 107 101 66 3 55 122 111 24 64 27 58 3 114 103 24 13 123 32 34 63 75 116 13 72 76 122 57 39 94 4 122 58 61 49 8 55 87 16 29 56 109 89 92 46 125 80 94 37 41 51 111 55 112 79 21 37 8 126 76 29 65 122 16 67 68 126 72 126
88 38 30 67 39 41 1 43 12 87 104 81 52 26 110 62 33 120 15 42 75 103 82 105 90 17 107 25 64 69 22 121 105 99 79 95 4 75 6 120 26 45 24 23 41 100 2 107 24 31 53 116 84 38 60 64 98 122 17 99 83 98 95 41 123 70 106 114 66 101 64 110 88 126 6 5 101 23 21 88 46 14 84 70 89 99 19 35 81 86 57 108 114 93 67 78 16 95 28 56 10 75 96 69 88 7 72 119 95 121 88 75 87 112 59 59 78 28 31 73 124 44 19 8 112 58 59 49
105 43 68 123 105 3 100 24 124 79 81 100 15 126 119 40 52 110 82 25 87 50 29 62 31 2 119 15 97 91 117 119 121 47 55 68 8 122 53 88 40 65 90 48 69 36 86 23 70 23 98 120 127 94 68 109 9 62 111 104 26 81 52 89 67 109 8 2 6 54 73 97 117 34 101 59 25 70 69 75 127 53 62 88 75 46 116 37 70 32 18 41 71 66 51 4 120 70 45 51 14 15 13 36 90 106 102 116 42 79 28 12 109 17 39 56 115 34 38 78 19 92 114 32 89 125 60 87
24 59 5 95 74 28 84 54 76 106 86 82 19 74 114 64 50 17 32 66 41 123 18 91 32 7 14 106 67 4 80 31 113 2 26 15 81 72 53 103 120 127 38 117 7 80 83 122 81 79 34 123 14 106 47 123 85 81 94 3 123 111 72 95 1 9 111 63 115 42 23 53 72 75 32 21 88 21 95 69 48 49 27 111 39 98 71 98 23 66 37 44 80 85 46 38 120 71 0 23 21 68 71 68 106 57 101 11 62 83 91 22 114 113 100 83 101 48 70 62 85 77 58 54 37 17 23 101
6 59 107 77 121 90 64 92 108 26 108 3 84 31 67 59 42 69 74 95 87 90 75 81 30 34 1 105 62 26 108 66 91 73 32 115 114 103 48 100 81 10 76 58 64 43 93 27 34 97 45 57 115 110 116 32 101 3 41 84 19 86 103 123 86 15 12 110 93 35 127 72 74 77 88 67 19 11 60 126 98 59 127 72 13 124 117 109 70 108 78 126 31 40 12 60 4 77 106 100 62 95 20 38 104 96 31 49 33 61 16 45 93 82 91 93 125 72 122 39 26 10 55 41 123 4 11 73
89 4 33 52 6 69 94 118 68 109 125 85 28 50 46 39 85 70 120 26 104 108 93 119 112 96 81 104 103 23 117 123 83 106 127 12 59 7 32 0 92 0 65 12 55 8 100 39 9 116 37 101 63 92 10 38 62 71 96 77 102 84 27 68 21 36 17 124 26 1 118 94 17 86 118 45 48 25 45 34 60 59 92 58 86 102 99 54 121 48 17 127 10 59 56 70 25 116 110 102 124 66 10 61 66 69 15 109 98 98 50 48 18 26 47 104 21 124 52 7 125 33 82 89 49 68 118 5
14 127 66 91 78 107 104 69 115 59 10 40 106 8 94 15 78 84 29 82 9 50 30 90 0 85 73 94 126 80 65 111 102 1 66 68 121 114 17 116 83 46 74 46 78 64 29 22 123 58 16 98 3 38 87 73 16 50 18 111 100 66 2 15 47 33 99 65 71 10 79 31 20 73 98 105 9 106 97 62 85 81 18 81 102 3 74 71 52 50 17 0 69 43 76 12 119 77 93 46 62 79 41 110 33 34 54 72 103 77 64 106 21 104 107 117 24 78 43 30 3 91 34 96 18 44 77 0
11 61 73 73 64 22 83 115 63 0 43 92 57 16 116 36 57 79 93 85 98 24 42 59 22 1 53 24 78 4 12 49 8 104 1 51 87 94 112 29 89 72 94 43 73 86 44 122 11 17 38 76 89 41 57 48 60 101 22 98 105 86 51 24 47 27 13 2 65 23 71 88 66 55 35 94 58 88 63 45 114 108 46 78 23 38 66 11 52 38 33 84 33 98 60 58 111 24 100 26 96 100 53 15 9 18 76 0 26 84 83 30 127 49 47 119 65 96 61 5 29 122 53 87 8 15 105 15
97 16 46 95 28 44 72 88 93 114 115 58 50 122 25 16 126 126 35 88 116 109 48 63 22 51 48 42 106 65 58 34 101 45 96 26 21 69 90 84 95 44 1 115 9 8 25 109 75 25 88 121 123 90 34 35 70 19 104 47 99 71 0 62 35 9 79 31 86 20 69 34 11 51 75 106 5 112 30 2 84 66 51 126 7 2 51 65 101 116 14 53 78 82 86 34 26 84 107 107 127 7 45 49 46 66 105 3 121 0 58 119 22 23 9 71 93 112 52 67 55 115 37 29 10 81 39 126
102 26 48 7 108 104 94 106 91 8 4 122 123 80 104 124 5 29 34 103 63 28 91 123 63 26 107 4 75 6 67 8 20 13 112 90 18 101 50 14 4 26 45 38 42 95 34 109 95 108 9 50 112 24 71 63 78 83 111 33 21 52 35 78 3 6 115 43 83 47 64 52 31 87 118 119 121 0 20 83 34 0 63 31 23 108 12 94 82 43 104 83 25 115 28 59 96 76 89 59 1 92 59 30 112 73 85 123 92 43 97 37 9 2 40 119 59 89 94 84 29 15 82 35 113 101 46 97
93 18 8 104 93 71 59 84 74 62 112 125 10 79 66 123 100 116 95 41 105 120 84 95 58 114 30 98 60 104 13 6 4 75 123 25 49 2 124 97 16 102 43 107 100 12 86 39 40 106 20 96 44 6 87 66 79 66 12 59 64 126 88 10 49 83 9 123 105 123 68 40 28 42 88 72 110 120 82 19 86 42 71 124 116 120 0 58 59 110 52 7 115 57 52 37 95 33 52 115 72 7 55 34 80 64 112 37 108 11 67 67 104 91 54 90 100 58 17 9 110 25 6 75 78 103 113 104
22 27 83 101 18 21 124 44 31 77 45 99 62 74 90 86 81 48 97 93 91 67 27 69 101 40 27 107 74 16 55 68 97 11 50 81 121 35 125 125 32 34 0 27 16 74 42 45 29 103 122 81 56 15 32 66 16 70 25 26 57 65 11 69 49 74 3 35 77 121 67 90 59 47 96 7 11 115 119 65 66 121 25 21 14 47 60 63 12 124 99 69 34 18 29 17 104 38 36 81 28 112 93 10 73 103 63 89 121 29 68 23 1 0 21 126 73 112 40 77 77 41 104 118 9 14 63 115
112 96 24 16 96 14 106 69 118 116 22 18 116 45 16 84 33 76 19 49 44 3 125 35 66 23 110 39 7 62 84 10 98 96 63 85 119 71 3 40 11 68 52 38 32 106 114 89 65 22 125 71 41 98 17 102 59 126 93 25 37 23 17 107 16 40 4 40 0 123 62 79 118 91 33 49 124 3 118 125 77 83 52 58 35 44 5 19 106 11 71 102 115 42 45 26 66 6 116 93 68 59 90 48 25 49 67 118 117 104 70 121 111 83 115 40 81 76 117 0 69 101 14 124 98 8 52 37
111 48 106 42 102 91 113 58 75 24 78 28 41 57 43 116 59 19 63 85 115 77 67 7 60 0 99 23 46 9 30 82 13 18 3 69 23 24 39 0 11 35 14 56 95 85 110 15 66 119 119 115 65 106 52 123 35 6 38 78 90 35 51 19 35 100 106 22 12 7 89 36 117 72 53 66 57 91 107 78 105 95 20 56 33 7 4 59 88 15 103 52 1 111 25 122 56 25 92 33 30 54 73 93 86 109 49 91 34 110 19 41 66 85 46 88 33 43 66 36 39 44 32 38 15 103 82 77
28 21 42 105 39 127 47 44 12 24 36 15 78 105 34 80 104 83 10 83 60 76 13 45 32 115 19 75 42 69 80 108 1 28 110 91 48 49 120 77 63 125 37 55 64 126 100 84 105 63 23 102 39 27 109 10 41 63 5 80 45 105 80 7 86 44 3 51 19 103 89 90 5 2 93 108 56 34 116 58 80 62 39 84 93 33 92 30 25 50 72 67 108 36 34 3 96 4 42 102 2 56 19 39 93 85 75 58 19 38 49 86 0 44 64 118 42 113 37 1 12 15 74 89 55 87 13 64
41 70 100 0 112 35 120 99 126 36 104 39 46 87 34 61 41 41 54 101 82 10 95 42 76 102 1 12 53 94 90 32 46 100 27 119 32 82 97 44 30 7 36 79 0 45 44 3 117 4 90 116 15 102 77 81 111 87 88 90 41 126 26 63 39 47 97 22 26 14 102 4 40 34 44 70 96 43 85 61 55 34 68 69 112 20 119 106 0 56 82 46 70 72 63 122 75 76 77 6 100 101 43 87 39 94 1 40 27 60 22 66 68 5 27 94 65 6 33 21 14 1 8 23 124 91 1 4
108 53 50 118 127 111 105 62 22 116 2 74 84 95 42 102 26 71 85 14 30 118 101 21 114 107 110 115 120 94 7 104 80 21 36 110 102 28 115 91 122 60 123 73 122 5 28 115 106 53 74 90 112 30 100 50 42 103 81 105 65 18 112 52 70 40 20 80 23 84 19 126 51 74 126 31 78 26 74 74 126 90 127 108 81 35 117 31 16 12 82 92 28 27 7 30 123 53 117 96 69 56 91 101 22 40 11 110 10 4 94 12 45 104 21 4 7 77 107 9 39 87 126 4 103 2 56 61
82 29 18 50 39 116 116 109 6 52 125 105 84 16 101 59 4 101 65 82 39 97 9 48 5 31 93 5 98 105 98 21 110 96 47 22 1 50 45 65 5 112 3 96 36 93 117 6 23 15 81 24 26 9 121 96 84 78 12 61 80 86 64 73 58 44 68 112 15 91 17 88 123 45 60 9 48 105 29 110 34 116 97 66 122 40 89 97 59 38 91 123 82 10 86 36 116 36 74 9 56 10 70 45 50 109 67 120 87 33 61 96 108 70 18 45 86 72 18 19 113 33 111 100 63 106 24 6
12 104 25 93 4 76 21 57 79 27 89 93 34 81 92 88 55 123 64 113 118 74 19 69 88 65 65 92 14 14 38 52 36 40 51 110 70 36 82 126 39 115 48 38 19 110 25 101 93 23 4 98 52 119 80 70 3 82 105 109 34 46 97 19 121 118 95 34 88 44 22 6 77 30 96 73 97 95 119 119 18 55 126 44 23 33 67 9 110 15 54 79 113 74 114 90 102 125 106 27 38 117 8 14 25 121 29 28 124 127 3 122 2 41 86 6 113 33 94 1 108 62 16 20 61 13 93 84
114 41 29 52 28 26 102 0 10 45 116 5 24 108 126 111 0 111 74 54 42 80 110 61 83 110 46 37 58 27 8 61 105 70 27 30 70 110 86 1 84 52 73 74 2 120 94 72 98 15 5 76 32 18 34 93 29 46 112 119 127 36 84 90 39 56 46 52 82 65 59 32 79 95 32 102 118 11 5 42 74 22 114 15 27 56 73 38 70 28 38 63 83 108 42 65 34 52 5 8 104 70 121 116 84 100 111 105 84 86 57 114 115 89 75 5 110 47 21 96 2 98 9 38 95 14 41 58
18 118 34 108 123 41 103 6 125 22 7 61 10 27 108 105 16 126 47 3 63 102 87 49 82 41 106 42 35 118 66 58 68 70 87 45 121 91 91 95 93 57 127 18 109 65 42 64 48 27 88 31 52 11 19 103 120 20 50 62 124 11 59 47 7 56 17 28 28 89 127 33 92 103 26 124 70 0 98 10 96 3 29 22 48 56 79 7 127 75 110 78 19 61 64 108 0 28 53 16 97 46 29 62 94 15 80 117 100 85 74 76 125 48 86 31 14 79 92 39 47 14 86 88 99 103 69 15
79 52 102 92 77 59 56 85 76 30 41 67 89 56 100 1 89 51 24 76 11 39 123 99 112 2 73 118 96 100 12 90 111 114 62 3 7 61 101 123 31 33 56 120 81 1 6 87 27 122 52 82 75 104 86 113 93 95 103 86 75 120 61 7 42 43 79 38 72 67 105 48 118 32 17 8 54 74 118 120 11 105 28 55 76 49 49 15 126 15 108 99 41 125 30 74 20 125 16 25 12 117 86 24 34 40 56 45 71 90 95 93 8 37 22 1 19 78 53 94 16 103 90 32 49 14 113 104
46 50 80 63 47 84 60 50 80 78 98 43 12 56 22 93 48 32 53 64 91 21 71 18 48 14 29 60 120 58 39 94 78 53 4 74 100 45 18 108 100 97 35 44 55 63 125 77 58 56 127 99 116 61 97 87 83 113 83 101 62 116 121 6 24 92 0 35 55 22 62 101 35 62 80 84 21 34 13 76 100 60 124 4 75 101 45 90 70 53 27 53 116 55 47 22 124 42 60 19 10 95 126 69 86 66 93 23 91 95 92 43 91 55 32 74 68 71 94 102 19 109 73 122 9 124 32 84
