128
59 56 108 52 120 38 108 61 29 83 49 16 106 42 52 54 30 78 64 103 54 115 54 24 115 81 31 110 35 119 73 87 47 116 112 20 14 56 19 2 41 4 116 54 59 15 15 58 106 104 101 69 15 69 103 73 72 118 26 106 68 66 102 105 109 32 112 1 3 29 19 55 35 103 12 63 78 68 27 57 8 8 116 22 106 52 5 4 91 98 28 122 75 84 74 13 100 39 102 87 113 2 27 78 2 102 78 15 112 94 50 118 39 98 47 50 80 0 66 43 115 23 11 61 9 54 30 42
37 43 121 40 42 39 81 93 80 0 1 27 3 64 46 27 54 87 47 94 115 72 81 103 33 105 47 69 64 112 4 107 96 1 112 32 95 63 28 123 2 90 8 106 14 75 84 123 34 51 89 48 52 56 117 122 27 35 43 73 39 32 30 70 61 41 21 18 106 95 113 120 114 30 13 2 67 57 24 49 67 15 118 96 113 56 47 21 91 77 80 11 25 10 114 34 99 99 55 26 23 113 31 38 13 118 86 15 56 43 44 31 62 103 117 7 51 79 37 80 65 21 92 51 81 89 40 7
104 80 91 85 25 23 108 9 102 17 79 39 44 95 29 83 93 43 111 87 21 67 78 110 99 110 3 12 54 112 9 83 32 90 42 124 41 75 116 6 27 18 43 15 22 74 89 102 11 19 106 127 48 15 63 126 32 45 12 4 49 57 125 33 99 42 104 62 105 104 124 115 59 33 87 97 62 70 43 59 57 28 103 35 101 9 107 112 68 18 67 37 69 9 36 71 69 0 88 114 61 84 88 26 29 100 45 34 51 67 89 111 33 51 79 77 68 66 117 42 110 76 18 47 101 120 84 67
23 73 125 23 71 50 99 91 84 115 87 8 58 127 87 93 46 118 89 60 22 35 58 60 127 83 91 59 86 120 37 123 6 84 43 78 4 44 21 96 62 23 108 111 126 8 33 51 7 123 37 42 66 122 9 28 106 126 88 127 52 43 111 79 95 115 93 58 102 121 94 46 38 35 99 12 88 48 77 115 16 114 15 93 113 9 47 51 114 126 84 29 48 108 85 92 88 47 105 85 96 96 49 47 24 6 120 84 59 36 117 24 66 111 20 58 75 83 28 119 14 51 71 58 110 36 104 14
18 83 2 67 47 35 120 93 65 23 106 124 121 111 18 103 16 2 66 21 35 37 22 17 72 34 59 27 110 91 54 77 45 52 105 62 57 120 75 113 69 12 76 105 76 5 42 7 57 107 80 66 78 12 73 98 101 110 48 4 67 18 80 123 42 109 40 87 124 11 110 93 0 8 81 61 17 71 13 73 14 14 79 9 0 105 125 78 10 94 92 42 12 102 0 45 84 26 42 46 29 1 99 76 68 73 120 125 122 7 74 54 25 36 64 60 70 37 40 94 14 6 82 29 2 3 61 80
104 110 26 70 119 97 124 124 66 38 57 30 30 82 1 102 125 96 20 56 35 108 120 27 100 72 80 64 19 70 75 98 96 90 66 39 65 84 52 70 83 65 113 119 105 44 90 45 80 18 108 14 26 81 82 123 81 20 20 104 77 1 79 122 108 53 78 92 79 24 108 26 62 63 19 47 16 85 67 45 121 31 72 40 34 63 104 39 0 8 27 26 64 79 36 43 85 14 92 23 20 48 111 107 14 43 87 74 107 58 15 105 24 52 99 63 52 8 25 95 106 106 13 61 58 96 125 23
59 75 7 34 35 66 61 56 119 17 124 16 51 70 31 16 17 67 3 125 35 23 25 114 124 67 41 22 115 17 30 11 28 60 9 109 98 1 92 115 122 93 60 57 115 83 120 123 17 113 105 55 90 75 50 57 83 117 62 6 86 19 62 103 68 4 84 77 19 66 117 3 0 78 74 28 2 82 61 16 123 23 126 64 117 69 50 84 2 90 84 85 106 38 18 91 31 107 8 59 125 100 27 117 23 83 59 70 102 111 81 35 111 10 53 30 54 122 103 19 46 4 52 53 81 111 48 104
122 20 107 10 94 60 98 20 24 124 30 58 42 73 36 26 43 84 71 96 19 118 122 5 123 105 75 15 70 2 108 124 41 101 112 80 118 93 39 125 5 79 95 92 64 5 56 24 54 18 111 100 70 43 21 31 109 44 108 102 79 37 10 109 93 12 81 90 36 111 104 15 122 111 70 15 101 6 41 108 20 20 61 34 38 89 62 22 40 40 70 57 127 126 110 116 103 23 80 82 83 18 114 22 116 90 42 55 79 51 18 53 72 6 50 105 121 37 65 87 46 30 105 20 23 105 70 71
48 76 42 43 113 53 12 46 77 85 37 17 37 14 38 44 110 103 86 69 45 59 70 96 21 49 57 68 126 60 105 44 68 26 44 58 98 11 85 45 86 37 72 85 73 71 85 41 29 39 90 112 16 83 40 46 38 21 30 107 26 96 63 116 87 15 118 59 55 104 119 100 12 117 9 38 109 76 65 47 106 95 103 50 68 15 120 2 115 113 21 60 96 84 12 61 86 94 13 37 63 81 58 117 117 49 122 6 122 120 3 117 59 7 87 81 31 12 84 12 32 52 5 6 12 103 40 96
119 37 28 53 95 25 95 56 77 29 83 121 30 121 8 35 52 43 80 124 113 83 34 80 37 27 25 89 52 117 3 23 103 35 105 79 35 98 109 32 78 3 3 99 69 99 8 116 92 98 70 71 122 121 28 57 127 111 3 24 121 69 56 116 90 67 90 109 79 109 52 81 39 98 32 10 105 49 90 1 91 59 18 123 10 67 8 58 55 74 125 81 95 56 36 117 72 104 70 72 11 40 62 115 73 39 95 38 123 45 28 56 98 15 99 106 45 35 120 81 92 91 113 92 40 7 42 63
67 39 48 8 20 41 5 10 26 106 60 92 9 4 71 86 83 33 117 13 81 49 120 11 60 14 109 13 18 70 36 93 53 75 85 108 14 79 35 39 7 84 32 84 21 100 49 78 36 23 90 5 40 91 109 9 122 123 103 73 78 82 11 12 40 66 2 79 111 122 91 58 38 17 16 80 16 105 123 106 60 26 56 50 39 114 69 14 46 64 20 4 82 56 109 90 6 4 1 68 34 124 43 19 120 26 2 45 7 19 95 69 26 72 115 102 121 61 12 122 127 46 11 12 31 5 111 58
100 22 79 117 95 121 95 76 83 40 115 33 88 96 38 96 98 103 96 67 108 25 30 90 4 16 14 53 52 49 44 36 61 6 74 89 36 57 107 119 71 10 107 114 53 9 104 126 115 88 91 98 86 9 100 40 30 77 62 48 17 76 126 0 56 122 34 56 34 44 51 107 99 41 15 63 89 92 87 123 113 70 89 116 123 119 30 2 33 38 111 94 76 79 78 19 115 26 68 65 4 45 122 40 41 86 123 72 60 27 34 57 8 29 75 106 74 60 13 60 98 119 72 17 103 98 105 13
25 112 11 113 76 26 92 72 88 83 29 97 109 82 80 81 126 111 52 91 16 78 71 116 22 78 69 33 96 41 80 53 27 112 28 26 36 54 50 37 123 11 98 118 90 21 88 78 30 118 102 40 70 89 54 82 108 55 127 60 90 91 27 107 64 106 39 95 12 87 8 47 111 55 111 127 119 38 83 14 114 39 35 73 9 125 64 4 60 45 61 94 90 43 127 84 102 113 43 37 97 119 56 43 14 51 50 16 81 17 10 114 74 88 45 65 96 63 103 22 18 65 102 62 20 112 4 94
44 117 89 6 50 37 4 63 126 92 43 46 7 48 13 5 113 67 47 109 38 25 0 23 19 19 24 112 58 88 11 109 38 48 52 16 108 75 77 1 1 62 34 47 124 17 20 61 66 49 80 122 41 74 43 112 122 51 93 25 2 75 89 18 68 114 93 115 117 16 22 104 40 49 77 112 14 25 21 22 59 66 74 45 20 46 70 111 78 24 5 100 85 98 23 74 105 38 50 90 117 67 45 50 71 7 62 104 74 7 23 61 101 84 28 77 53 7 75 73 45 95 115 113 103 113 39 43
31 121 51 65 77 43 25 72 41 94 38 74 40 120 101 82 78 40 30 59 127 0 103 11 85 119 29 2 120 107 2 107 68 112 100 38 123 18 92 81 123 111 17 89 24 27 111 67 111 77 110 94 102 69 88 40 35 84 38 12 58 31 117 19 117 111 115 97 124 16 51 46 96 1 10 0 78 47 68 110 114 114 106 30 50 120 89 54 125 11 63 35 39 22 38 39 53 127 103 117 116 26 127 71 63 2 78 49 106 92 118 11 43 58 48 26 62 77 47 6 78 11 86 9 68 49 76 96
48 86 87 81 83 9 7 84 61 21 8 41 20 21 68 68 54 16 30 46 100 35 73 51 0 8 106 30 46 50 89 35 14 31 47 19 42 12 88 57 90 75 125 3 46 17 29 76 54 67 19 36 47 2 89 12 44 126 127 105 12 109 31 78 60 90 87 19 5 53 60 43 3 6 17 115 124 62 81 69 51 110 91 2 8 67 81 40 119 55 20 109 83 7 2 78 61 84 77 90 69 10 1 47 15 67 125 53 126 31 64 30 82 33 89 33 49 22 47 85 9 87 21 96 60 3 90 39
114 42 87 77 104 104 110 59 55 0 70 80 4 75 98 115 110 117 17 97 49 76 24 9 42 10 118 46 63 116 25 111 94 70 78 58 124 33 24 74 112 36 37 97 62 52 12 119 63 110 105 6 33 65 81 102 7 52 54 9 82 64 103 10 127 119 91 37 31 123 36 118 38 109 34 45 63 42 38 109 108 5 87 49 29 31 69 124 107 43 106 45 74 102 25 92 65 8 66 16 91 95 19 94 35 8 89 40 60 27 74 53 58 8 43 57 60 57 108 100 72 46 2 25 52 126 74 48
82 25 109 38 20 118 73 31 14 26 40 26 52 122 70 43 4 68 75 86 96 82 106 44 51 97 1 6 21 16 50 83 76 2 71 109 77 24 39 4 57 112 126 104 87 25 14 36 101 37 94 120 78 9 82 105 62 103 12 64 80 107 25 68 115 103 64 1 114 118 103 65 14 57 81 26 44 39 76 87 77 81 18 25 100 8 64 108 69 126 39 59 98 80 27 122 29 112 71 95 104 111 123 24 79 127 17 116 3 53 127 100 95 105 59 51 20 67 122 70 94 85 35 51 88 116 57 42
57 114 16 28 98 66 85 115 33 29 84 99 16 111 94 41 101 65 119 12 61 39 32 87 84 109 103 43 107 45 111 47 58 22 108 126 41 83 63 28 23 11 72 35 24 99 34 46 96 89 100 48 112 94 46 74 7 74 18 32 23 64 47 92 53 98 26 89 101 92 10 97 33 108 100 57 0 94 49 4 54 44 65 60 72 126 18 115 20 124 22 37 111 30 39 115 47 4 39 50 67 27 82 93 105 102 81 118 89 109 48 118 113 65 82 92 104 89 14 87 57 77 113 39 29 111 9 118
28 20 106 90 53 24 69 95 60 60 88 63 30 41 76 19 38 21 120 14 24 108 22 80 99 66 107 119 47 91 26 28 84 21 63 40 124 108 114 96 24 14 54 7 72 52 80 122 61 117 30 60 54 86 92 112 106 87 71 57 118 54 116 94 64 48 3 3 107 55 48 107 82 21 115 96 105 93 115 44 7 10 91 23 52 45 92 48 87 107 23 60 85 71 43 15 31 61 53 47 14 119 36 77 87 110 104 40 9 57 21 71 111 5 12 0 81 36 75 40 25 99 12 59 1 70 30 64
77 82 3 39 86 9 29 49 82 63 34 6 118 67 67 50 83 82 36 4 78 39 34 52 114 50 106 7 15 112 106 101 72 28 125 42 110 56 96 24 77 31 101 3 121 97 75 115 117 112 117 73 107 116 120 8 72 100 32 79 6 114 75 18 51 72 115 40 65 8 55 73 0 52 95 88 99 39 105 120 101 60 35 0 40 31 11 90 29 56 104 54 126 102 4 41 85 78 91 88 65 82 25 3 37 14 102 25 87 45 96 70 108 68 4 61 102 11 112 113 77 61 41 58 92 84 123 71
31 125 44 84 107 94 124 7 66 27 70 65 94 15 108 112 14 86 112 28 31 106 55 11 20 107 56 57 38 39 30 30 35 125 115 102 3 79 84 4 42 96 90 82 83 73 97 91 72 107 89 0 102 10 29 107 51 17 67 118 90 60 67 30 61 45 7 96 65 122 110 9 47 70 102 34 110 96 36 80 108 36 122 88 115 0 29 39 68 85 85 87 101 82 35 120 40 126 1 11 42 52 54 1 29 98 88 125 25 40 60 20 32 49 14 14 87 98 56 39 7 71 44 88 119 25 18 35
41 33 14 71 108 10 97 9 111 110 78 100 64 34 100 37 52 79 95 101 30 42 66 111 123 110 30 53 1 121 72 35 7 53 71 117 55 86 51 35 113 123 2 1 64 71 88 21 52 5 107 39 110 102 28 18 102 88 65 89 61 58 65 103 108 63 19 75 46 49 124 40 98 108 27 79 105 81 31 5 89 117 95 69 127 52 21 50 37 67 89 16 69 123 14 112 93 34 9 45 56 54 75 54 107 92 18 27 83 121 80 51 40 50 59 65 35 125 11 30 42 90 53 28 38 82 84 122
111 79 117 111 83 74 84 28 102 30 48 62 107 111 120 68 102 92 115 75 43 81 109 29 0 13 63 51 29 47 69 16 31 34 73 120 55 22 70 96 118 75 103 53 82 63 36 121 103 3 2 6 38 105 32 6 74 40 99 37 76 10 105 11 19 26 59 18 9 44 69 115 49 24 23 51 63 72 66 65 84 27 77 13 25 6 21 96 48 29 118 46 113 94 115 26 45 63 64 89 38 118 9 75 89 116 8 30 91 107 120 15 6 109 109 38 54 28 13 36 96 91 64 65 114 69 47 2
30 81 126 84 80 91 97 55 44 55 103 78 73 97 6 122 15 57 23 120 41 86 20 103 73 99 24 26 125 76 12 126 46 90 47 50 35 120 46 32 1 125 17 76 43 121 76 14 74 98 86 77 122 94 56 64 127 4 16 113 80 66 84 23 63 92 41 80 16 53 2 102 120 26 0 15 12 71 89 25 72 0 116 116 17 52 13 44 100 108 61 47 13 57 53 89 13 105 82 9 105 26 115 105 125 35 67 103 59 107 0 67 49 123 59 100 97 73 20 123 68 38 110 34 3 125 101 107
55 53 24 38 82 25 59 13 11 100 88 33 106 0 33 37 104 98 110 99 125 100 48 60 108 107 104 79 17 104 9 92 108 88 34 46 19 38 56 33 125 83 20 127 122 18 16 103 85 74 121 0 87 88 104 60 22 87 0 103 29 60 37 32 22 14 7 102 93 104 71 29 99 32 38 81 123 8 122 27 10 124 117 10 82 80 93 26 78 83 82 43 69 103 50 85 2 124 63 80 72 15 120 112 23 73 58 3 48 98 54 117 32 96 41 41 84 36 116 69 68 66 35 48 42 36 8 26
76 87 11 5 82 79 95 98 58 100 109 66 13 0 20 89 121 40 116 20 73 110 100 1 76 38 57 56 21 45 16 62 120 82 85 126 11 123 78 66 109 77 103 9 66 44 95 37 29 36 55 49 95 32 7 99 66 80 100 40 112 4 63 109 88 76 126 11 82 47 76 16 39 30 98 21 64 2 101 11 94 47 19 77 17 68 103 50 56 79 66 43 18 91 126 99 122 88 89 116 78 86 39 77 105 65 62 77 29 73 110 27 112 39 101 41 69 98 42 109 92 59 78 83 82 63 71 116
18 0 112 67 107 19 34 90 18 120 26 86 75 67 101 98 21 89 74 47 68 24 2 4 105 35 48 84 9 120 84 106 65 40 95 126 93 79 30 80 35 115 107 42 11 40 84 91 34 34 65 0 9 12 34 41 13 10 63 105 123 16 69 98 53 49 45 30 82 101 29 64 3 20 28 88 27 26 66 48 67 7 11 124 11 39 18 101 121 108 94 102 23 80 50 59 57 45 36 67 89 60 0 44 15 16 92 51 105 61 36 105 66 46 18 106 12 65 61 10 125 111 19 31 94 84 114 10
121 23 85 33 51 29 98 48 38 71 3 72 27 20 54 105 95 80 78 105 21 121 29 58 25 93 60 88 6 34 91 64 78 3 17 97 83 120 71 4 64 52 0 107 108 73 11 45 20 38 84 72 48 89 99 60 19 12 78 115 76 123 8 106 70 50 92 30 115 12 5 67 53 54 27 74 97 122 74 110 55 75 47 22 124 102 80 94 57 124 107 27 28 96 79 0 125 79 109 13 121 126 26 71 100 40 81 115 59 93 108 111 65 8 42 36 72 109 116 68 17 62 35 92 21 76 78 115
103 77 124 31 110 40 54 116 21 65 98 38 35 49 122 14 55 94 7 121 92 35 43 116 57 105 76 16 87 34 0 88 21 9 81 112 58 124 29 50 59 93 124 89 99 68 28 9 104 48 103 44 48 110 114 8 52 13 28 5 119 27 2 100 82 72 51 104 0 94 111 93 93 109 12 27 22 113 59 88 97 95 2 91 7 99 56 31 44 118 63 47 63 86 76 52 73 32 48 125 35 35 112 9 102 127 117 97 114 116 116 99 37 7 123 38 64 87 78 14 114 20 117 42 110 6 82 54
43 85 3 18 47 120 28 123 24 49 9 54 110 5 41 2 14 115 43 103 33 41 10 101 19 50 33 46 103 45 86 70 21 19 64 105 63 83 39 77 125 96 58 127 67 126 36 46 9 112 89 105 104 82 73 111 81 98 60 19 112 82 84 105 110 67 13 42 50 16 83 53 80 126 30 100 20 48 69 45 84 91 53 5 93 96 65 51 103 98 13 14 53 63 126 70 108 93 71 48 5 21 89 118 37 125 79 99 16 83 85 28 37 74 38 36 20 43 64 91 22 107 64 102 93 34 81 113
71 108 41 85 28 62 54 23 118 117 7 56 58 71 31 86 14 75 100 127 106 81 84 6 10 25 85 20 19 34 81 0 34 111 35 60 7 53 58 118 125 1 30 46 104 41 62 64 78 39 33 72 12 32 118 19 126 80 12 89 31 47 83 25 26 25 1 55 122 12 28 92 121 127 7 20 101 45 82 84 85 109 52 8 28 41 101 101 27 3 116 63 57 63 56 120 71 5 56 69 14 98 97 93 74 53 30 72 117 43 83 118 81 96 56 45 87 28 9 35 103 6 54 104 120 84 40 54
116 49 29 96 35 52 16 76 34 92 0 20 72 90 61 127 3 40 32 118 120 27 51 122 52 114 42 73 0 57 25 65 91 92 63 25 93 46 36 23 110 110 38 89 119 21 78 119 40 63 18 27 127 63 47 43 115 49 32 54 48 124 1 52 4 122 122 14 2 80 95 47 14 61 42 33 85 50 108 36 80 59 26 3 105 107 120 51 54 91 86 7 7 5 109 94 22 17 78 102 93 74 15 5 10 100 112 42 14 58 61 84 18 16 0 47 15 115 52 86 86 72 114 117 84 58 86 36
62 65 92 126 118 97 8 60 41 47 112 97 100 5 110 78 45 7 93 2 80 83 71 49 79 58 36 120 94 72 22 95 36 106 121 61 17 62 85 116 90 50 4 112 10 94 48 4 10 31 121 25 13 54 22 84 33 113 7 123 13 70 20 36 113 36 47 122 2 101 72 74 55 79 113 120 116 78 37 39 124 36 3 71 43 12 64 99 74 4 43 59 63 29 5 119 82 58 127 72 29 46 9 48 117 26 78 124 45 54 3 9 92 51 14 89 125 94 54 108 67 26 83 15 67 2 90 88
17 106 103 123 59 28 124 123 111 92 32 77 17 24 13 53 2 116 31 60 13 56 91 114 84 12 122 70 82 84 3 64 123 90 126 51 36 109 123 106 91 26 21 94 48 5 112 23 76 117 7 123 42 107 92 47 25 21 0 45 49 59 29 88 63 126 100 82 87 4 36 27 64 47 18 124 84 125 104 117 42 62 96 102 51 7 87 7 51 125 37 92 11 124 25 94 29 46 38 43 40 58 34 28 44 121 92 8 24 18 29 6 75 127 46 126 100 19 20 92 59 65 47 105 126 93 9 80
85 114 54 57 87 3 41 120 89 52 42 52 121 104 6 107 115 97 73 96 37 124 93 126 32 50 41 126 75 126 89 14 49 8 42 36 10 12 104 18 117 56 76 97 47 5 16 65 46 46 85 23 100 15 0 96 48 118 50 115 89 104 17 71 127 18 115 56 62 38 16 26 19 20 59 59 46 66 111 111 121 45 112 101 14 69 64 61 78 107 74 60 37 16 90 16 47 74 111 34 69 59 43 6 74 9 112 1 52 111 16 74 54 95 79 116 0 37 59 97 60 25 20 34 110 95 104 95
84 74 37 70 59 116 90 96 66 127 19 12 50 95 6 115 42 8 11 106 45 0 107 21 61 38 80 108 39 24 103 27 2 61 124 80 40 24 106 63 74 24 101 28 106 16 45 56 124 107 107 31 50 78 30 80 122 66 42 17 1 107 2 111 39 78 53 21 7 116 71 71 109 96 62 69 70 36 13 119 76 17 17 89 72 127 34 104 127 5 127 68 87 124 89 107 115 22 81 97 36 11 74 86 113 78 55 50 77 115 59 72 11 70 79 59 64 114 49 126 74 38 3 1 119 111 55 126
66 102 23 2 60 99 93 21 40 97 14 33 77 97 9 11 66 44 18 50 41 75 4 92 66 75 26 33 55 54 103 34 95 73 85 12 76 124 62 108 48 74 52 74 116 87 86 110 110 104 116 28 33 122 115 115 10 18 44 82 57 55 7 104 13 31 24 7 14 1 96 30 19 36 100 124 50 11 68 45 72 24 96 113 56 52 9 43 20 85 20 93 99 3 116 127 29 7 38 72 84 35 85 20 103 12 5 115 112 87 88 97 76 62 98 51 83 86 44 12 96 111 41 101 118 31 55 22
53 32 114 51 61 121 71 6 94 20 49 11 127 83 46 25 11 37 82 27 11 30 23 33 63 50 48 95 45 78 52 24 107 20 31 83 19 49 121 38 51 6 112 116 53 46 99 95 93 13 27 24 105 73 23 10 109 92 64 70 125 117 3 121 126 76 47 73 18 111 56 112 33 70 92 30 65 39 87 13 115 34 80 93 73 19 77 107 11 42 13 0 122 81 38 47 50 25 125 52 89 98 123 18 58 4 57 48 62 109 97 14 95 11 61 109 93 24 101 6 63 122 11 116 108 63 112 24
6 52 18 85 75 93 104 5 41 116 107 46 95 52 45 30 89 19 19 91 11 64 41 8 110 86 111 71 98 26 94 69 48 42 52 57 87 92 49 22 59 94 119 124 43 4 71 66 4 67 80 8 45 47 6 31 94 118 52 26 70 10 26 102 20 110 107 103 80 92 76 83 27 121 92 95 125 88 23 47 55 115 40 16 35 29 62 95 4 104 82 37 66 10 12 14 71 52 61 43 126 119 93 58 72 50 42 14 38 111 39 22 123 109 49 126 90 53 36 15 36 56 14 86 49 40 80 106
58 122 62 8 116 3 65 113 18 108 84 11 96 9 127 49 93 3 12 5 22 32 91 85 95 17 117 108 14 17 23 30 59 88 88 68 21 76 68 24 114 100 58 42 84 93 35 34 20 125 19 97 30 6 10 60 122 89 54 84 114 37 45 71 3 41 52 55 9 8 43 122 73 117 49 93 7 29 16 103 112 58 87 45 109 63 96 100 104 124 5 110 25 61 66 24 9 89 54 26 58 75 66 78 32 57 72 98 92 116 57 25 13 71 25 79 8 48 100 118 19 35 85 99 0 81 90 3
43 88 105 51 82 14 44 20 70 111 124 16 109 63 4 84 29 62 121 127 2 38 55 125 81 12 35 17 1 101 55 20 64 38 46 83 127 4 127 29 10 38 74 61 59 12 124 106 31 48 34 41 0 64 72 101 38 97 4 9 51 63 101 5 24 122 31 71 91 106 55 27 106 105 55 45 24 125 122 69 74 76 4 90 14 79 68 52 62 55 112 57 77 93 123 78 125 76 9 33 15 59 120 40 22 127 109 72 107 76 12 122 124 16 99 12 56 4 99 122 26 63 43 37 102 52 27 22
59 66 15 35 101 21 98 115 56 127 94 6 75 41 99 16 113 37 104 123 44 22 75 23 83 2 96 111 114 118 85 16 63 112 80 69 98 119 0 70 71 63 8 12 24 52 120 51 92 123 17 25 97 25 75 52 61 44 98 12 16 70 56 20 77 121 46 51 119 114 24 110 104 82 104 75 37 94 55 54 40 20 6 44 17 31 77 59 66 22 82 32 42 1 91 93 109 32 102 4 52 73 23 109 44 12 88 121 3 41 54 69 10 115 87 63 92 65 126 54 8 89 15 24 82 57 107 53
19 23 85 74 118 120 100 117 1 113 42 88 96 124 78 96 55 65 60 125 116 95 122 12 31 122 57 57 112 45 46 74 2 55 39 83 110 8 76 9 64 108 77 124 52 115 19 22 122 65 116 65 10 23 40 93 93 97 79 101 16 13 93 92 46 112 54 81 81 15 36 94 94 28 84 17 16 25 122 24 71 63 19 81 103 25 123 80 103 44 77 44 92 7 117 99 85 29 23 5 14 120 28 93 96 14 10 74 50 77 63 99 79 0 56 116 83 36 126 33 75 36 69 73 114 39 61 87
60 118 49 125 13 122 16 0 109 105 77 30 57 122 82 43 35 77 39 23 112 84 41 9 46 45 31 37 116 97 111 127 89 54 30 100 4 96 86 99 102 98 55 55 53 115 28 2 70 36 0 28 70 6 2 61 8 110 59 45 68 68 23 72 111 23 127 125 10 119 111 32 65 121 102 39 88 52 104 126 8 51 55 43 77 56 73 39 74 75 10 69 0 57 91 98 104 20 116 85 39 56 76 30 111 115 9 80 51 63 63 74 88 120 8 114 113 32 17 1 63 24 100 122 81 92 0 61
29 108 104 44 57 60 96 73 75 85 10 112 70 81 15 73 101 87 85 113 60 63 6 98 21 34 9 54 35 4 105 96 23 2 120 2 79 98 23 26 104 8 10 22 86 11 24 98 15 101 89 26 117 6 91 87 69 24 73 41 46 106 117 40 67 126 113 53 6 112 109 91 58 24 26 18 12 32 79 64 113 100 21 62 80 35 85 4 124 48 113 37 58 61 31 8 113 18 73 37 29 104 42 87 77 36 61 55 115 10 8 28 102 107 88 28 70 98 107 65 41 34 97 25 32 75 27 8
65 102 18 121 50 55 107 39 46 63 22 11 89 99 127 117 65 122 96 80 87 91 38 100 87 113 35 109 113 76 84 65 62 44 0 31 93 100 51 106 43 104 86 86 54 124 24 68 107 24 111 31 99 58 120 57 80 124 99 18 76 13 93 111 31 91 81 57 84 124 13 38 19 26 15 71 71 24 72 80 44 52 56 42 99 30 93 58 107 86 124 127 10 60 104 1 80 19 125 62 54 29 102 120 81 14 111 21 66 51 42 10 1 1 11 23 56 106 106 31 79 14 120 86 52 36 114 85
0 99 75 118 33 86 7 122 37 51 107 67 45 88 98 46 54 52 19 59 107 84 33 117 99 18 72 74 67 126 30 10 91 106 118 107 91 91 86 92 127 63 40 106 23 22 74 36 71 34 1 31 56 26 88 81 76 118 5 79 100 3 95 7 81 81 0 3 79 126 115 9 66 103 16 59 101 7 42 20 118 117 123 108 39 32 26 51 104 127 2 41 114 9 105 65 76 43 114 62 92 61 127 69 100 80 45 71 47 120 25 83 81 62 74 40 81 34 127 127 37 102 8 114 18 2 78 89
91 20 5 114 9 25 45 118 23 71 19 49 16 65 39 77 85 36 74 48 109 125 15 91 45 55 29 102 0 34 68 65 43 99 125 14 71 126 44 84 64 36 123 72 28 48 26 117 28 3 112 29 20 69 83 123 69 21 61 106 7 25 51 87 49 28 94 67 15 12 99 45 55 16 20 125 111 22 83 41 92 62 42 105 114 71 104 107 40 2 21 36 70 74 33 96 58 63 58 96 38 113 73 97 48 57 95 70 27 60 3 35 114 80 45 55 39 14 124 38 9 91 38 3 33 125 95 45
25 81 74 24 69 117 89 79 51 13 53 119 49 30 62 87 34 99 48 122 11 48 56 39 19 104 32 96 24 123 126 61 27 53 70 115 121 77 0 70 44 124 54 51 97 24 8 89 40 127 42 109 81 94 122 3 6 71 110 90 58 0 104 46 63 88 33 7 78 71 25 66 89 67 55 124 50 15 45 21 63 20 39 79 117 34 82 82 6 41 61 113 127 13 89 47 49 69 20 112 32 75 118 45 126 11 69 30 78 115 9 116 67 14 100 110 74 42 48 47 21 6 87 68 102 108 95 49
11 22 83 28 40 84 89 113 81 44 54 57 59 55 12 84 102 125 20 34 105 37 80 41 29 81 7 27 1 59 9 28 38 33 50 106 106 65 9 12 107 108 111 5 81 126 34 96 87 127 65 61 74 13 98 100 93 112 60 54 26 17 57 96 15 67 13 59 123 6 36 60 15 127 46 66 82 98 103 70 106 24 58 77 48 23 3 114 47 72 7 35 80 9 93 6 13 36 30 79 87 115 38 76 45 1 125 88 40 110 42 58 98 104 71 41 44 72 123 124 16 46 16 75 36 107 56 28
2 121 49 85 103 122 88 10 48 117 87 4 21 91 59 6 105 67 39 72 125 112 2 53 22 20 68 42 39 113 6 85 101 79 43 61 93 41 24 50 87 115 44 71 90 12 45 32 7 102 114 102 92 105 26 94 95 35 86 36 85 12 14 104 74 51 28 76 49 70 115 87 58 31 14 126 50 93 117 126 52 124 74 107 10 75 0 63 85 101 77 50 40 16 51 54 75 108 126 118 69 29 8 33 1 32 110 103 78 60 41 67 91 1 12 97 64 49 37 23 48 115 96 21 127 47 86 43
71 57 28 67 79 117 58 98 17 50 52 100 43 95 76 113 24 44 22 72 59 71 39 23 111 108 24 35 6 22 77 39 20 118 107 101 118 14 60 23 56 92 125 123 25 78 111 77 28 97 102 18 116 84 65 4 121 106 46 122 113 95 120 3 117 96 6 59 121 97 74 114 74 79 20 99 14 1 31 6 26 65 0 0 53 79 58 21 105 102 64 97 25 14 59 114 48 57 65 67 90 122 120 77 23 41 114 97 14 29 10 48 43 113 116 27 121 76 12 30 88 124 31 10 111 87 47 54
2 111 53 123 17 103 117 31 75 20 91 36 57 8 62 78 115 19 58 15 86 38 83 82 93 11 21 22 43 18 24 44 34 61 123 53 91 5 107 120 12 70 125 125 62 16 61 20 96 49 121 31 104 3 11 51 111 101 99 53 86 1 23 42 69 48 15 88 16 2 46 53 50 5 59 84 14 31 22 64 89 121 54 3 23 110 114 29 1 4 88 61 83 22 61 106 22 119 95 51 76 32 36 9 24 103 81 104 47 63 6 36 8 80 24 38 22 62 93 99 0 112 78 2 0 41 119 54
102 34 104 116 114 48 109 81 64 77 14 20 17 67 54 70 113 8 43 7 121 60 34 109 73 122 36 45 109 53 65 16 62 79 29 78 120 72 11 82 77 100 62 53 6 17 122 57 126 49 90 97 51 79 63 58 6 66 63 42 2 122 29 100 96 71 123 114 31 97 56 112 66 102 7 16 6 37 47 107 100 104 26 65 106 74 55 74 95 61 40 77 69 67 90 37 96 127 89 22 112 0 3 29 44 46 61 68 48 2 57 6 102 74 41 63 58 38 75 86 46 51 94 20 35 28 28 21
80 22 31 113 38 45 61 26 3 73 115 76 81 61 124 42 48 15 34 86 82 41 80 87 115 2 62 14 72 5 7 20 105 76 77 103 11 83 91 44 104 103 85 0 32 43 31 116 37 4 14 18 79 125 115 127 26 96 108 14 124 63 0 42 3 86 104 43 68 88 66 5 80 67 88 101 12 23 115 22 0 86 71 3 26 77 93 87 109 52 44 79 7 46 37 93 11 89 126 0 61 31 111 64 126 83 35 9 114 101 7 108 61 0 126 90 18 91 53 114 53 76 83 72 34 10 14 99
23 95 37 120 109 88 44 52 11 57 46 86 127 4 10 0 81 29 77 30 62 126 20 102 17 86 25 96 17 8 1 43 122 7 123 15 15 98 90 19 91 15 28 50 113 22 33 7 52 98 119 125 94 0 6 68 121 31 11 39 127 116 84 122 46 8 25 67 126 96 63 91 21 17 15 44 26 47 110 36 127 10 34 34 109 65 114 106 113 70 111 97 119 61 10 114 6 108 96 103 88 48 40 40 9 16 80 117 57 92 34 5 55 103 29 118 111 126 47 35 58 43 31 50 112 113 7 93
53 99 80 3 45 24 17 125 109 5 118 53 37 66 47 92 47 54 1 29 52 85 33 36 46 88 39 75 3 40 95 38 106 47 108 2 46 55 83 23 7 9 88 12 68 7 98 42 120 86 7 0 24 5 62 40 120 1 11 62 34 79 0 30 88 109 100 68 86 81 67 12 16 63 104 38 30 45 118 70 58 34 105 94 11 45 5 54 70 118 6 99 16 49 38 85 74 109 42 109 29 61 66 38 27 18 20 120 122 109 65 31 126 14 72 42 90 78 23 114 31 29 73 104 7 12 83 52
92 124 126 52 90 20 125 40 112 71 45 14 126 119 28 12 37 122 0 34 77 68 98 84 8 22 23 96 120 17 3 122 91 51 85 99 52 51 62 7 71 98 107 47 122 2 12 95 86 21 104 106 58 82 52 92 102 73 91 64 44 21 85 93 17 50 94 65 10 14 9 77 103 100 93 39 104 50 113 67 63 7 82 97 42 16 66 38 1 99 68 66 117 82 71 103 94 13 113 61 97 21 51 28 31 32 113 32 59 98 84 28 12 87 50 80 31 44 64 60 22 38 86 94 107 35 49 66
11 20 24 72 27 109 105 108 32 27 83 93 60 80 25 40 120 41 93 69 127 9 23 52 67 48 115 32 55 20 75 36 20 59 99 97 95 104 25 112 48 106 107 117 8 42 107 104 127 54 36 47 25 12 77 6 9 101 60 39 94 64 13 45 3 38 51 39 108 29 67 62 41 13 84 51 30 106 114 95 43 33 51 10 117 44 79 36 45 96 18 48 24 48 41 2 103 45 121 45 12 91 32 58 39 123 31 39 98 6 60 39 98 79 67 43 96 91 2 25 18 115 31 6 44 56 67 110
51 101 66 62 57 12 105 31 119 105 100 45 105 57 118 87 107 77 45 119 78 51 80 108 95 114 31 40 31 73 44 31 8 8 16 44 56 86 70 16 73 70 80 25 47 107 38 97 90 125 22 66 82 76 91 105 1 112 64 52 62 67 63 17 88 42 100 49 52 103 97 43 29 49 73 67 101 74 84 30 22 120 29 21 68 105 101 96 18 70 18 94 0 113 62 61 123 47 72 117 16 125 92 120 126 97 16 85 117 119 122 23 30 97 60 125 45 2 14 26 44 64 77 52 5 16 34 48
84 27 37 118 13 49 106 15 103 121 6 71 59 23 10 121 72 115 6 98 102 80 105 118 6 10 3 66 92 49 97 114 0 102 10 109 90 100 118 24 114 68 37 68 4 74 14 8 118 13 89 85 52 34 101 39 105 78 35 84 15 14 31 10 21 102 42 86 104 93 108 99 118 105 49 87 40 109 4 98 84 83 119 40 98 17 19 2 35 95 114 108 126 60 52 30 3 121 80 108 85 85 60 16 87 43 120 67 108 42 69 75 61 91 126 11 61 101 8 102 52 86 40 20 45 72 14 56
12 60 95 111 63 59 65 113 1 73 103 54 103 112 94 53 87 31 114 21 62 27 71 25 88 4 77 126 11 15 4 122 61 54 80 44 0 69 6 61 72 76 94 47 40 93 18 122 29 115 96 74 86 112 40 26 96 102 67 61 60 32 67 63 24 105 43 31 19 35 50 45 55 30 50 80 98 76 71 55 50 41 106 4 86 69 24 40 30 91 28 98 50 13 80 70 4 96 56 40 119 87 34 120 5 90 96 92 103 7 73 2 5 25 104 56 105 48 68 58 86 80 24 85 0 126 74 72
90 34 70 104 25 43 116 71 8 100 45 89 35 10 16 29 71 34 54 84 97 122 85 1 69 10 6 9 60 14 85 104 8 126 84 12 13 71 62 0 126 104 95 17 82 81 38 107 1 30 88 6 4 119 87 114 57 49 23 91 21 61 100 82 39 110 121 57 122 100 7 100 90 33 0 95 63 3 115 77 52 104 85 41 27 96 63 41 104 116 40 8 17 20 18 40 85 103 70 15 39 82 41 109 40 55 75 124 22 91 33 57 109 25 37 7 83 55 100 38 7 63 92 122 46 98 100 58
35 118 11 14 40 10 91 80 10 114 114 20 118 63 123 94 36 63 35 4 53 119 94 18 2 99 39 43 99 102 124 16 124 69 78 101 7 122 74 65 50 76 123 109 93 4 56 119 72 99 94 33 61 60 57 121 4 96 58 15 82 65 35 111 57 64 103 1 46 55 95 83 32 62 18 9 31 60 115 77 7 109 118 66 123 45 51 85 75 50 64 19 109 114 90 12 34 124 31 105 45 40 23 36 34 90 63 0 106 23 0 92 116 20 66 60 88 106 96 53 44 124 110 65 23 43 5 84
1 21 3 114 48 81 39 107 46 104 36 31 16 43 68 39 90 31 45 54 6 57 93 53 25 87 101 51 68 31 17 35 89 125 11 7 83 105 61 101 43 114 112 62 115 4 66 86 23 119 101 70 46 26 4 20 7 98 87 106 32 122 44 26 113 111 2 10 90 78 8 53 3 43 38 3 109 77 41 91 79 65 24 23 107 106 63 45 22 55 66 110 29 75 7 103 72 118 57 30 27 125 76 67 102 114 91 61 56 18 116 10 26 34 65 108 115 30 24 112 110 101 61 39 46 2 19 115
49 69 43 61 114 8 89 59 49 59 58 71 83 11 105 120 58 27 121 53 27 99 22 47 54 76 87 64 97 96 124 60 91 78 100 95 16 34 104 48 120 45 12 92 28 62 126 14 27 21 91 35 15 101 118 12 89 74 110 15 16 112 86 89 115 90 46 125 118 97 74 22 69 117 71 90 117 74 121 110 9 34 100 111 77 1 91 98 45 46 68 63 83 35 119 43 92 75 1 16 124 120 72 88 16 85 25 27 117 38 65 119 59 40 24 17 70 45 105 116 46 11 15 89 126 56 56 52
42 41 60 80 16 113 123 115 63 120 22 12 29 29 101 126 35 50 84 86 33 102 14 72 60 126 110 100 119 34 84 121 8 56 125 52 115 8 108 5 5 28 100 72 56 58 13 62 50 114 113 18 38 37 88 5 103 82 18 50 111 71 85 81 4 23 111 102 71 26 53 70 99 43 30 112 40 61 91 18 53 14 35 75 51 29 11 112 101 18 91 82 11 75 16 95 12 97 27 25 34 127 69 120 85 23 74 95 68 17 38 98 65 70 110 47 66 20 34 6 3 106 56 84 60 86 82 85
24 66 96 19 103 48 71 27 66 119 82 58 7 106 125 87 72 70 99 5 6 7 65 24 41 116 68 120 117 125 38 124 124 25 5 55 17 108 75 63 12 59 45 75 80 13 26 65 121 11 103 106 119 126 96 11 67 7 49 123 110 31 120 124 16 103 53 59 92 99 107 50 61 78 25 15 103 49 29 17 85 82 19 74 29 102 69 61 110 32 25 115 120 22 97 67 38 33 123 87 50 109 31 33 105 9 32 87 70 41 110 96 12 107 109 98 89 93 31 45 32 74 49 115 80 2 107 58
27 95 64 17 22 52 9 92 10 99 122 115 127 72 88 110 100 20 16 84 52 98 117 51 120 67 25 41 77 30 40 8 108 66 79 119 57 123 41 115 73 75 83 114 22 15 94 117 34 113 119 87 11 113 51 18 82 42 13 19 125 101 41 20 18 98 22 67 68 50 116 64 34 115 67 81 63 20 103 17 82 75 53 79 60 65 38 73 5 105 26 16 9 82 41 30 7 45 36 118 31 9 86 13 85 109 22 0 111 23 43 56 5 105 115 19 80 2 40 72 36 59 121 90 113 118 76 70
14 88 79 85 33 22 10 109 47 71 26 98 119 64 72 31 64 108 27 123 118 55 99 93 68 21 5 12 113 93 35 11 95 42 75 84 33 120 37 5 114 85 32 87 25 73 91 39 57 39 47 44 64 9 84 122 58 83 101 32 117 115 117 65 113 110 22 103 81 84 55 82 102 17 109 82 126 48 125 90 25 69 63 83 62 25 13 86 56 19 64 113 55 87 69 104 127 39 97 56 107 34 8 7 117 56 53 89 30 76 113 100 86 14 50 40 32 90 121 55 25 84 69 78 46 124 26 5
12 3 77 10 56 51 52 10 53 17 2 12 53 24 116 87 74 56 96 115 20 106 56 20 108 39 37 70 27 55 12 117 61 75 110 112 37 125 31 92 103 46 90 48 36 22 106 67 110 116 79 59 14 103 58 5 95 31 74 127 95 60 38 77 39 124 103 70 46 69 109 109 55 23 2 4 71 118 45 126 33 78 20 91 91 59 23 43 123 23 102 90 115 47 36 61 43 89 34 28 93 16 30 41 11 42 88 74 6 110 48 18 109 57 12 76 91 97 81 65 26 83 25 23 50 100 114 113
25 73 116 127 23 83 15 1 122 126 59 89 36 76 104 107 34 46 95 44 112 14 107 18 100 28 62 105 72 89 84 73 42 70 72 57 13 57 102 73 28 97 80 86 58 46 92 110 20 116 68 122 64 69 84 90 100 63 33 27 25 77 123 23 111 81 36 86 18 118 60 68 110 119 80 42 2 24 108 23 66 33 11 30 19 115 107 53 53 126 52 22 8 12 23 122 10 3 72 46 75 110 20 102 7 69 126 4 45 36 121 60 42 99 88 119 44 103 112 110 68 11 91 116 110 50 40 15
48 4 33 105 58 13 43 71 66 113 47 80 22 85 55 103 101 64 111 54 65 114 108 112 33 71 47 84 125 43 90 44 2 126 66 20 22 19 52 11 45 86 118 40 66 0 65 107 26 2 107 5 107 112 52 108 82 82 5 1 96 57 59 109 39 118 14 99 64 46 95 120 91 8 106 23 82 86 117 4 32 88 17 8 27 14 10 81 9 110 56 17 12 25 126 91 57 58 95 83 104 72 64 74 40 87 37 90 65 125 5 123 90 78 47 53 28 55 125 81 55 109 41 97 23 59 60 7
29 94 91 74 61 121 104 80 65 17 124 9 45 110 13 63 5 56 5 78 42 121 73 93 57 11 16 84 38 121 34 117 75 65 25 11 54 109 79 56 89 40 114 111 2 81 1 53 29 79 113 114 61 49 61 115 8 54 86 81 105 117 16 40 110 51 58 90 88 11 5 96 69 107 80 5 73 27 113 30 60 88 37 17 3 38 68 46 24 19 34 15 97 95 63 63 15 60 119 71 85 22 126 61 41 14 49 81 64 63 27 8 121 14 17 89 36 60 36 5 13 20 28 39 72 77 98 95
63 97 62 93 48 11 67 69 102 33 61 112 127 65 82 63 59 75 67 107 46 58 38 0 6 112 22 24 41 82 112 44 20 13 1 92 23 103 97 103 4 26 87 11 14 47 66 48 5 70 10 58 112 78 114 35 102 2 30 92 33 7 59 0 53 12 30 10 107 58 17 9 40 18 47 13 107 17 111 111 44 121 74 49 81 94 107 10 2 3 39 26 11 33 94 90 49 67 67 70 32 50 78 80 48 83 45 16 118 69 71 126 37 11 37 106 120 81 21 14 72 80 111 39 18 42 4 23
108 112 24 68 19 43 53 112 17 17 109 37 67 53 6 13 8 29 58 28 120 116 17 109 93 27 89 122 35 16 77 40 17 88 3 122 43 39 102 31 9 70 0 48 82 21 12 48 92 81 64 30 116 30 122 64 113 91 46 55 80 93 58 99 28 24 29 117 41 46 22 29 116 25 120 73 101 29 110 113 76 40 21 92 88 124 126 68 65 97 61 22 70 113 81 92 5 22 23 28 125 42 55 102 24 68 23 118 45 91 100 67 109 59 104 96 85 61 78 7 28 47 9 33 55 109 60 39
127 36 2 83 98 66 121 59 36 64 63 81 44 50 111 127 92 23 90 78 104 4 0 54 104 107 72 102 75 70 89 74 95 74 70 110 7 101 120 90 95 5 77 4 14 31 113 54 96 54 11 76 60 7 63 10 127 116 24 106 127 81 86 120 18 10 43 116 85 13 85 103 15 7 81 51 28 123 49 11 66 123 86 67 114 123 77 65 102 76 111 89 112 40 65 42 73 79 1 67 97 33 46 12 39 57 46 54 99 120 8 96 87 55 67 112 15 43 29 106 87 111 11 51 10 4 9 113
51 115 6 14 67 28 116 62 64 60 53 63 122 71 115 30 76 3 90 35 83 37 108 94 120 61 119 88 98 29 54 62 32 33 48 38 108 41 29 114 60 14 68 121 106 4 125 6 42 49 72 95 20 2 76 122 110 14 17 25 101 27 120 39 96 33 37 56 46 120 36 25 80 18 10 127 10 7 101 94 111 56 115 96 119 113 93 105 119 119 5 41 113 38 36 25 85 16 85 51 37 117 35 28 96 80 60 76 107 51 12 10 81 68 45 87 19 29 127 8 56 49 46 26 22 80 118 17
124 29 126 67 4 77 107 76 21 95 105 58 9 104 71 54 100 37 87 74 68 8 77 35 117 103 85 8 32 90 69 76 64 38 32 62 30 26 79 98 105 25 87 96 112 36 15 10 15 71 48 9 74 37 108 13 120 23 106 91 100 45 36 49 6 30 18 118 47 3 107 27 96 57 66 7 100 51 73 125 41 114 118 120 4 117 41 35 76 38 18 91 107 50 50 38 55 76 110 117 79 28 88 39 56 124 120 83 27 79 28 94 35 15 107 9 0 32 18 19 58 103 66 83 68 69 71 96
55 67 1 117 96 112 65 41 98 7 90 30 13 8 73 16 109 12 4 65 19 3 34 41 45 85 34 115 41 113 127 123 110 75 92 18 87 47 59 32 88 28 125 125 55 120 79 84 34 72 35 35 35 39 39 90 28 10 113 83 30 95 121 83 56 16 56 47 59 112 115 3 112 102 40 65 7 64 28 83 8 1 10 84 28 111 27 23 47 56 104 76 62 67 11 105 6 28 125 7 58 40 2 14 28 25 127 95 28 127 70 95 39 49 27 25 41 42 116 63 40 47 99 75 14 120 40 92
21 26 6 60 36 94 14 81 1 65 60 92 27 12 10 39 98 76 121 77 2 93 57 70 97 39 59 104 119 26 86 0 17 69 53 0 118 97 55 67 51 57 87 110 117 32 3 108 127 11 12 8 80 30 45 79 22 31 60 92 85 101 91 84 79 54 104 123 12 55 11 72 44 122 1 82 35 44 79 35 29 61 99 0 67 59 18 4 76 93 81 123 18 75 103 54 4 28 33 41 56 91 43 67 34 67 89 12 22 21 68 44 41 108 116 80 50 105 118 116 61 33 126 98 16 15 49 26
115 84 44 59 13 31 19 121 6 32 86 19 42 18 28 93 10 60 3 19 119 116 81 29 102 34 30 11 3 115 38 95 116 63 51 10 85 66 6 42 104 95 87 100 115 34 19 33 37 92 112 70 18 26 101 96 100 15 57 106 14 7 0 29 2 77 88 74 61 118 89 123 48 103 90 78 49 80 62 34 67 9 85 77 60 73 13 59 70 122 46 99 24 8 121 118 34 7 97 0 9 48 127 37 58 113 99 6 92 115 21 49 21 116 76 96 47 59 109 60 5 87 66 56 53 44 91 34
1 44 10 111 4 104 122 4 126 82 48 109 37 50 27 35 71 115 65 35 35 120 20 73 118 87 91 106 46 65 33 82 120 11 1 12 47 56 46 47 82 64 83 111 113 7 45 124 54 47 125 11 118 10 48 36 107 46 23 21 69 49 104 18 2 24 123 76 93 80 127 50 61 15 65 45 43 56 75 24 12 53 61 104 62 70 74 65 114 4 104 0 30 72 116 108 73 17 92 51 54 2 127 122 22 115 108 106 56 113 72 14 44 22 44 72 51 75 42 88 40 1 3 29 70 105 71 18
52 27 115 58 126 36 5 7 40 105 8 81 97 55 74 47 67 74 41 23 2 77 11 15 16 121 89 11 0 56 25 11 94 118 71 82 124 11 123 117 4 59 56 6 18 0 22 42 116 32 3 91 3 22 46 115 7 44 123 11 61 118 99 24 75 126 39 107 94 29 41 51 34 96 11 40 100 82 112 19 101 73 80 12 78 9 121 77 43 21 70 55 82 35 33 82 92 107 88 12 94 3 104 122 38 45 113 20 17 59 120 103 109 58 103 65 31 23 76 26 121 13 37 36 127 63 17 24
40 6 44 95 109 99 111 48 30 79 57 17 45 88 119 89 98 75 105 1 78 33 26 0 86 85 46 31 47 114 72 40 76 126 105 49 65 53 25 65 107 114 12 82 2 101 82 75 56 81 113 86 42 92 23 43 77 36 67 57 67 26 125 51 44 69 58 103 8 76 102 3 0 12 6 34 79 125 0 82 15 61 65 105 7 86 18 116 89 92 91 95 37 80 113 99 12 88 9 68 6 26 30 122 49 39 112 126 41 41 73 117 13 25 46 119 21 121 49 83 71 2 68 18 47 37 76 108
12 73 97 112 0 64 107 124 11 38 112 110 87 94 41 57 50 63 124 24 25 88 116 114 48 84 11 98 88 97 12 76 115 85 32 116 111 86 98 21 13 23 95 123 87 9 27 7 79 46 10 32 0 80 84 9 85 106 57 28 66 106 42 49 30 22 60 107 12 22 2 65 49 124 123 9 100 57 52 21 24 46 12 45 104 124 33 83 58 14 122 48 83 103 94 123 49 124 35 42 126 101 10 117 30 64 49 126 112 24 58 116 76 127 121 7 35 66 25 37 84 66 37 18 104 56 80 1
67 6 51 67 32 93 115 111 111 15 8 33 87 15 18 79 35 103 38 110 55 40 5 59 101 42 124 91 76 87 86 40 20 66 52 20 79 72 48 25 15 41 73 112 52 70 117 110 94 113 18 36 82 91 86 92 18 34 121 110 11 80 104 57 77 121 51 120 93 53 16 61 53 118 108 103 76 95 52 9 105 48 47 52 50 101 97 60 25 12 72 105 14 78 71 6 83 53 26 51 61 14 83 7 39 30 33 38 119 27 39 101 10 57 94 4 64 6 39 125 84 87 109 104 72 6 76 18
9 30 93 29 104 1 54 66 47 75 85 57 48 117 16 58 72 104 53 63 118 37 24 23 92 3 61 42 94 61 60 10 39 30 64 54 50 21 113 47 93 122 15 0 20 5 81 106 99 84 92 106 84 99 15 76 85 67 53 24 126 111 98 82 16 103 89 69 86 28 43 115 29 97 14 91 120 29 12 2 27 1 11 4 55 59 80 25 99 63 127 111 37 104 49 11 64 41 86 49 38 80 49 36 16 52 38 76 112 54 123 96 95 127 57 71 34 36 82 38 18 69 19 59 116 38 87 82
20 89 57 20 73 4 36 95 88 29 100 12 122 20 70 81 109 1 74 91 98 90 40 91 52 102 21 9 114 117 45 99 0 112 119 69 12 9 99 66 105 31 69 87 43 52 79 81 54 87 23 109 82 93 18 34 98 30 21 80 55 101 10 6 105 50 28 82 42 65 4 52 14 59 56 116 106 71 13 119 104 32 21 108 33 20 22 126 91 54 9 115 113 102 9 8 104 80 82 84 7 83 39 43 85 18 32 54 118 62 96 22 82 99 14 11 125 72 89 29 19 62 1 86 83 27 15 75
81 69 71 65 58 91 33 58 0 75 84 119 61 45 49 28 80 31 55 38 51 99 12 35 118 47 94 76 90 7 79 13 8 96 125 112 91 56 28 86 34 65 78 87 18 42 39 0 14 38 80 93 48 57 96 86 52 78 18 35 97 75 1 91 53 89 67 55 76 53 69 19 69 50 126 52 113 79 39 28 4 19 10 59 35 47 114 93 83 48 31 29 28 98 93 72 52 127 30 60 16 50 115 89 57 3 51 51 43 56 48 67 21 25 11 71 30 121 116 120 117 103 121 72 6 64 90 114
23 119 117 121 63 30 74 120 21 60 59 67 46 6 75 100 77 7 10 112 94 58 17 87 36 106 59 59 100 26 81 57 66 29 70 98 85 61 40 85 69 57 32 105 17 103 100 59 28 92 42 48 69 27 0 52 7 24 56 55 5 97 25 99 43 89 67 62 46 59 117 126 82 69 98 42 53 99 24 123 31 92 38 51 126 33 46 54 94 124 34 14 108 40 84 126 3 20 105 76 117 70 82 124 39 54 83 115 103 99 34 103 103 37 3 85 19 99 90 28 50 127 38 127 66 92 86 8
118 1 20 0 106 46 93 52 43 96 94 104 54 16 13 104 67 7 123 40 94 98 24 25 25 52 46 50 48 51 7 97 90 17 6 123 17 100 99 122 27 82 88 29 41 5 99 53 2 28 99 122 75 123 112 85 109 33 44 58 19 114 5 57 17 53 27 87 109 96 58 13 26 84 115 55 99 123 90 28 92 34 6 61 60 39 23 74 34 68 44 98 92 54 54 91 101 14 76 103 22 44 26 100 47 85 84 16 2 82 29 85 114 105 125 98 59 80 30 33 8 115 59 88 100 64 48 88
18 46 25 80 10 40 89 101 2 122 113 119 86 16 10 82 89 47 7 66 73 114 24 59 6 46 0 99 112 80 50 61 85 44 8 61 5 19 120 73 13 88 23 80 63 66 70 68 114 29 103 75 68 34 54 63 36 125 75 60 9 111 64 110 7 42 98 20 46 93 113 44 25 28 106 28 110 35 87 33 68 0 21 27 50 48 112 36 86 122 82 118 29 54 104 117 65 101 110 3 60 56 106 102 27 71 77 51 48 36 40 115 13 111 118 11 63 75 123 45 32 96 77 125 60 61 1 80
40 114 25 101 100 16 86 82 41 108 103 66 94 91 94 116 58 52 34 38 88 82 49 15 61 71 110 52 113 0 47 49 72 109 124 32 107 72 37 40 76 22 89 111 1 124 80 13 1 2 94 54 28 3 66 5 2 67 50 23 122 75 33 122 88 82 122 121 111 107 68 46 82 28 84 63 75 22 54 84 25 104 123 121 78 21 54 13 18 123 51 111 121 73 52 18 122 72 105 74 1 100 8 17 127 19 18 54 26 5 0 1 43 22 49 12 10 98 27 60 42 101 120 74 8 63 35 75
69 23 5 51 29 113 113 45 76 105 30 44 11 51 31 123 12 117 16 33 125 73 119 16 13 61 109 25 108 116 78 82 9 58 45 49 50 89 36 15 18 24 25 18 88 45 56 124 73 41 38 42 49 8 126 75 11 73 23 90 105 113 84 114 10 87 39 26 46 51 81 115 30 77 15 36 109 49 7 17 100 124 111 117 31 112 15 96 18 36 71 82 43 115 89 12 12 111 52 116 12 112 83 56 8 78 111 72 92 79 32 24 5 10 80 59 107 48 100 34 68 127 61 11 5 83 58 63
96 91 39 57 108 114 43 102 17 90 61 31 88 28 90 67 19 52 0 70 38 101 50 54 113 43 47 46 83 70 49 26 107 127 68 72 8 72 44 97 9 22 81 55 39 119 77 84 40 53 35 117 82 100 48 61 44 51 47 7 36 123 52 5 13 71 106 105 64 67 105 90 116 91 83 16 15 98 127 118 69 126 34 114 73 35 50 66 82 108 9 33 17 81 99 124 12 101 57 125 57 12 79 77 41 118 28 90 73 46 28 6 108 120 77 123 68 32 65 87 76 1 67 2 81 72 107 12
119 1 122 75 10 109 31 75 97 69 32 82 38 21 62 58 110 4 83 28 1 61 21 127 29 28 5 91 86 94 101 22 29 29 57 43 47 37 6 38 12 116 47 107 64 43 9 102 8 14 1 4 81 102 85 20 79 29 73 7 65 4 64 45 33 42 4 103 68 59 92 86 18 51 107 75 84 122 121 52 113 89 87 120 66 40 111 98 100 26 2 28 3 116 80 110 43 10 10 125 88 101 105 44 16 42 59 54 27 107 7 33 112 117 77 52 7 5 69 100 126 102 109 112 9 70 12 14
90 93 80 12 74 39 112 106 63 67 101 41 101 26 107 43 34 126 97 89 21 111 36 71 115 50 65 106 96 33 46 91 48 126 43 11 75 119 3 77 13 47 15 19 17 68 50 53 68 43 73 48 120 32 37 46 1 39 80 5 104 96 16 27 100 91 69 17 104 99 93 16 88 112 82 92 58 52 57 89 48 96 63 93 44 79 113 3 112 72 87 10 58 85 127 17 63 48 64 76 77 0 111 20 68 18 61 79 90 55 87 119 74 3 123 13 78 79 85 2 114 66 118 84 84 32 36 105
51 67 122 87 100 103 68 98 29 56 48 85 33 40 42 103 104 28 48 33 7 66 16 85 7 109 33 40 82 18 76 22 14 92 95 7 22 12 38 79 14 117 92 57 29 77 107 73 30 65 38 126 114 123 84 46 15 106 87 110 35 94 107 113 2 104 82 122 2 1 90 75 122 110 116 99 24 102 45 66 39 108 78 108 100 42 64 89 106 33 16 46 55 8 112 8 44 58 29 36 72 80 88 38 103 118 30 109 71 104 86 93 7 63 44 80 72 2 9 3 113 74 21 23 65 12 127 109
61 54 74 69 20 107 23 55 110 98 78 26 81 91 12 3 106 7 78 16 83 117 111 24 84 20 43 94 113 91 7 103 101 26 91 63 15 21 122 83 46 7 45 19 75 86 68 43 8 2 59 78 98 67 14 63 108 97 121 35 81 92 120 109 34 95 3 122 29 26 73 103 14 6 116 116 126 53 4 65 120 80 7 81 77 55 101 20 117 104 67 34 17 114 79 2 76 33 121 22 100 79 127 101 44 58 88 99 78 48 52 94 36 74 53 98 5 6 29 125 55 67 60 85 99 33 119 121
23 117 46 37 11 87 20 19 62 34 80 95 120 62 98 20 97 39 89 64 57 53 125 5 56 38 28 4 121 93 49 24 108 13 94 37 121 23 63 119 22 89 114 110 3 75 106 88 19 70 65 82 92 95 22 112 99 93 103 84 8 90 64 125 49 49 47 120 62 72 69 12 14 90 18 13 16 53 35 103 20 29 88 26 85 100 70 21 116 105 108 68 2 111 20 115 103 111 33 57 4 18 13 63 86 61 86 116 67 91 108 71 17 107 9 5 18 51 27 74 124 58 21 50 96 65 20 121
76 10 1 0 107 105 48 74 22 24 123 47 119 11 49 70 96 8 1 91 19 95 14 19 15 46 34 12 101 60 53 99 7 92 38 78 11 30 85 98 30 31 31 68 70 75 61 32 39 106 43 64 33 42 15 56 124 20 27 121 54 34 15 32 12 122 73 114 101 72 117 43 37 75 74 83 74 30 114 97 38 85 107 94 95 63 22 86 96 24 37 102 125 93 87 4 85 9 62 117 88 33 26 25 125 60 72 66 78 18 88 106 78 26 97 58 76 94 5 74 65 118 87 35 9 9 107 15
5 30 77 1 63 99 63 66 90 11 112 93 90 53 60 65 103 110 119 110 14 23 34 31 35 96 84 108 56 90 77 11 81 38 14 107 13 89 103 10 84 110 98 84 98 5 68 64 41 117 65 119 74 53 45 51 122 22 116 20 16 78 16 18 69 86 21 111 113 20 10 23 17 100 58 9 92 35 31 95 82 96 118 119 68 107 78 102 16 28 38 2 3 97 70 36 0 113 79 14 102 83 109 16 126 51 106 49 51 107 63 62 91 116 113 70 78 116 121 66 45 115 23 29 58 60 93 47
11 27 79 119 53 58 74 5 99 49 78 7 115 3 121 13 124 31 95 23 127 80 111 119 8 2 6 0 96 110 34 9 94 97 84 48 101 102 42 78 31 67 107 68 123 43 40 58 124 69 110 113 55 88 7 123 65 7 1 117 13 57 38 79 55 1 127 40 6 62 30 54 55 121 27 51 118 69 57 2 42 124 115 2 112 70 49 15 13 120 33 57 50 107 13 124 51 88 103 98 59 100 50 124 120 70 102 39 91 117 23 30 102 32 115 12 97 122 2 76 79 96 104 32 42 36 22 32
83 125 88 48 74 107 94 15 114 23 8 7 69 36 43 120 65 1 119 108 31 76 12 9 125 91 23 107 113 69 100 84 125 96 117 3 1 36 34 55 66 70 44 27 60 78 33 6 47 103 6 45 29 110 64 97 64 104 13 76 55 127 14 76 97 120 89 24 67 99 77 35 19 73 112 12 117 83 80 112 121 94 127 12 5 60 24 91 23 94 85 113 42 114 113 120 68 44 29 19 10 34 68 54 41 57 124 83 76 49 70 4 12 83 30 79 12 13 119 12 112 71 94 110 69 63 71 67
93 55 95 12 82 117 112 108 25 47 66 78 14 127 97 58 90 53 106 41 125 81 13 87 91 27 75 3 67 111 68 77 5 105 87 119 19 32 64 105 33 28 65 60 70 40 98 33 74 29 75 117 33 18 47 71 87 45 76 126 122 110 109 14 67 125 48 76 16 88 14 20 50 120 68 43 53 125 9 12 5 112 48 55 93 102 111 16 35 96 127 93 39 81 75 59 46 83 19 44 82 51 17 70 24 8 47 7 79 18 78 57 23 72 67 46 24 38 60 30 113 6 109 78 90 109 88 111
58 77 26 87 113 60 58 2 126 115 8 35 13 114 101 122 78 58 63 53 80 117 5 53 1 6 105 87 117 37 99 52 23 103 60 26 71 102 125 18 63 35 65 29 76 24 72 77 103 127 1 93 71 67 49 121 50 103 59 33 73 92 16 22 38 39 11 52 99 75 16 56 55 2 107 87 54 8 51 4 64 8 92 40 27 34 76 127 109 127 51 11 97 56 124 34 4 24 111 90 43 108 79 45 69 106 33 103 49 70 38 51 73 0 83 105 9 115 64 35 105 58 71 123 22 70 38 14
108 67 20 104 44 30 24 56 125 83 113 127 79 63 78 110 12 81 55 46 55 10 47 121 37 87 52 107 113 26 42 80 31 64 49 67 48 103 51 26 79 11 103 14 71 33 118 68 61 58 2 67 34 55 30 87 48 43 55 3 117 77 51 0 56 47 72 75 98 34 67 115 97 5 7 97 5 73 37 57 55 117 43 94 107 5 47 11 27 40 17 112 90 8 87 17 118 3 48 49 119 69 16 40 62 118 34 46 69 120 14 9 73 70 0 108 76 127 111 25 84 26 21 91 31 63 76 98
13 44 56 17 16 107 88 38 43 98 53 85 3 22 82 25 112 123 33 28 84 19 109 116 2 70 0 97 98 29 26 70 19 41 90 55 13 27 12 0 17 126 8 96 98 25 40 67 54 117 44 25 20 86 69 10 52 111 105 73 71 66 25 109 57 97 10 94 36 79 82 120 29 81 87 50 20 124 67 120 83 72 9 72 86 107 61 57 116 25 78 83 72 52 122 33 89 4 43 31 88 24 107 44 118 27 16 3 78 73 63 113 56 48 76 117 23 98 117 61 89 24 18 21 3 32 14 5
45 111 6 11 127 19 110 95 119 34 34 112 38 26 104 10 72 1 93 122 69 45 116 56 50 118 126 45 6 103 37 64 32 67 0 88 70 86 83 38 19 88 65 107 12 0 11 109 43 77 55 14 72 80 124 74 20 17 49 41 56 63 118 37 14 19 26 111 111 62 12 13 3 69 80 35 20 124 58 76 109 5 107 56 47 26 36 39 8 112 12 47 54 33 1 126 117 3 105 68 74 117 110 110 11 21 117 32 33 120 117 55 71 99 80 34 93 6 64 85 90 87 44 108 122 100 25 94
24 55 17 51 35 58 68 99 32 2 25 89 108 90 99 127 88 102 28 14 12 42 59 4 70 32 125 87 45 21 113 95 82 114 24 106 72 102 50 19 82 67 109 42 90 35 21 12 5 102 61 83 39 107 117 36 16 30 48 113 44 16 75 50 60 33 101 85 119 64 2 90 115 80 92 22 90 3 55 77 61 127 51 73 119 82 18 125 96 112 23 124 94 77 68 109 30 123 69 85 60 53 19 84 34 120 89 52 49 18 26 10 54 17 7 87 6 68 93 16 105 96 62 117 15 22 82 41
126 113 53 2 65 121 91 20 9 104 96 88 69 30 2 42 37 91 65 22 44 40 84 34 20 78 55 97 0 17 71 72 82 16 14 11 104 124 97 75 35 103 25 100 39 40 89 8 28 82 101 126 80 22 18 41 95 34 66 70 41 12 9 118 84 123 26 5 80 33 127 83 49 81 38 61 99 45 71 26 26 41 111 111 71 77 108 23 11 98 90 122 19 23 123 123 0 59 50 118 58 106 90 110 64 38 24 82 123 42 83 85 7 39 4 43 14 10 7 37 32 14 28 55 91 122 100 49
30 46 120 125 126 10 64 94 62 114 20 46 69 88 7 19 100 116 111 64 94 101 11 46 85 53 43 12 1 72 53 11 35 21 30 78 52 83 29 125 69 76 19 101 34 82 109 75 52 91 70 46 19 61 64 75 48 11 52 33 96 94 11 103 77 14 121 16 76 116 42 68 77 120 13 93 53 25 71 97 113 87 95 69 36 82 68 61 61 68 12 94 73 26 8 58 12 105 23 110 62 29 15 90 115 19 47 2 53 40 71 107 69 69 107 48 106 62 55 74 78 0 36 28 33 33 11 93
51 103 37 55 44 25 79 68 43 77 123 3 53 49 89 39 67 3 107 1 103 88 118 118 67 2 77 105 46 0 89 117 34 90 23 99 21 86 101 123 106 3 116 115 49 26 71 115 11 22 26 53 72 6 63 105 52 82 67 89 122 74 32 114 2 78 61 96 25 51 85 40 90 69 56 47 2 99 37 64 75 42 93 61 118 108 120 5 90 38 25 37 95 15 124 33 87 59 103 105 85 38 5 107 2 85 85 10 34 13 113 9 121 63 93 106 88 80 0 76 75 94 97 21 37 68 74 125
42 18 117 62 99 5 18 22 82 124 64 60 67 22 117 125 36 31 110 9 125 25 24 106 53 117 3 4 117 127 107 126 108 117 102 88 123 99 69 3 39 109 106 85 89 116 75 59 85 95 8 71 120 103 49 71 69 28 121 112 65 85 34 109 5 35 120 28 120 111 94 67 106 2 20 39 66 63 19 121 108 54 36 122 82 124 122 115 83 15 118 11 50 70 79 61 22 54 67 113 31 92 40 40 9 108 19 17 13 112 19 86 40 65 6 32 117 17 51 47 100 59 125 47 121 50 2 67
94 54 42 36 110 64 59 66 96 82 122 6 121 85 79 57 97 58 46 57 39 98 59 107 12 72 76 34 94 71 114 79 124 58 91 81 66 29 62 77 103 81 105 76 81 92 99 120 111 19 86 0 100 108 46 29 64 0 116 51 109 11 2 93 58 7 55 81 126 74 73 53 51 114 35 31 25 10 23 93 28 89 110 64 46 125 110 120 23 91 86 117 100 24 68 117 26 9 77 108 17 111 53 85 2 72 109 97 73 24 77 46 87 76 78 7 64 13 15 108 103 45 124 103 56 21 127 8
100 36 124 71 54 122 77 4 27 38 13 102 47 37 122 25 118 56 84 24 6 75 124 67 29 69 93 4 12 58 62 18 90 118 84 93 26 88 70 8 65 16 42 1 28 7 117 57 114 69 107 4 47 104 12 98 8 74 114 3 54 45 53 27 88 69 67 97 92 55 85 49 90 5 28 89 106 93 71 93 65 87 56 111 65 11 9 91 11 118 127 97 31 110 87 87 2 86 0 74 91 18 115 119 27 26 24 7 111 21 8 108 65 73 51 14 13 41 69 71 45 8 62 109 36 109 22 49
104 21 5 51 79 58 88 103 51 39 63 66 2 83 77 76 52 12 57 32 84 69 99 107 90 37 99 79 78 80 82 91 92 70 34 14 96 83 82 83 61 42 62 105 113 42 53 63 34 62 86 65 65 38 86 34 28 57 70 103 77 21 81 87 120 24 76 15 122 25 34 55 38 0 8 97 70 4 39 4 101 105 6 107 3 107 66 51 101 91 101 92 28 15 55 100 101 80 48 105 69 30 36 78 45 20 79 6 107 78 96 37 43 12 101 41 118 63 121 41 87 13 63 77 116 94 28 122
64 58 22 89 29 59 118 40 21 20 127 20 25 74 33 42 82 106 54 41 13 13 56 96 29 23 19 110 64 101 22 18 37 74 17 117 4 68 33 45 41 47 60 95 112 31 7 64 110 99 52 61 63 13 53 84 104 56 120 118 32 56 95 73 97 115 104 85 88 110 71 121 94 58 78 120 73 111 8 66 34 115 61 95 29 126 121 77 118 84 111 15 18 45 26 32 108 13 22 71 68 40 87 112 21 97 25 63 25 58 105 4 65 48 68 33 82 106 12 11 12 48 91 78 66 56 5 78
4 76 59 117 1 8 98 97 7 77 125 26 121 13 122 88 62 76 107 6 94 23 70 124 37 96 49 73 8 102 93 97 69 57 109 14 56 99 12 86 10 32 100 108 44 57 102 34 120 67 14 1 1 19 112 80 19 29 14 114 60 95 40 43 34 118 119 90 47 90 27 15 105 91 84 49 120 69 99 76 21 61 94 35 40 36 25 67 20 97 82 58 6 46 100 127 53 100 40 28 71 6 37 85 22 17 119 44 45 48 28 106 46 124 60 110 78 75 7 26 55 67 32 94 109 58 28 42
105 16 106 87 3 126 124 89 43 110 56 8 53 6 21 31 65 0 120 79 86 83 120 17 79 82 40 20 109 92 122 99 75 26 82 65 25 10 96 49 2 97 5 43 9 70 122 76 40 95 25 96 39 3 126 54 93 81 31 14 4 96 123 91 0 86 82 46 90 11 27 58 18 79 94 45 6 13 42 87 100 94 5 92 15 115 101 38 67 46 6 22 50 112 11 3 52 16 112 15 88 103 78 100 107 51 85 65 36 79 109 35 37 22 97 14 49 116 75 22 72 119 103 99 93 68 22 4
80 36 55 13 92 44 33 118 44 45 33 63 81 33 61 12 15 81 101 5 54 125 88 51 116 0 1 87 20 93 1 0 74 69 82 91 115 113 25 86 119 22 92 94 1 8 94 84 27 118 86 73 64 65 73 2 3 118 86 111 99 112 53 7 80 93 3 3 91 86 77 116 124 115 25 93 56 33 0 83 52 21 39 63 115 3 71 0 124 103 27 32 48 33 53 30 31 123 115 66 55 37 115 20 44 100 70 69 10 85 2 101 121 53 19 38 77 7 64 114 53 60 124 99 117 69 118 80
36 1 62 63 62 81 114 40 100 24 7 65 4 20 63 127 84 14 75 117 26 35 35 34 109 59 73 124 30 18 91 68 111 79 31 82 124 84 27 112 84 82 29 50 101 62 69 60 118 88 28 2 69 49 118 35 123 16 52 31 69 60 67 56 57 3 8 12 80 96 47 98 102 60 80 27 12 39 50 112 34 110 119 105 8 22 61 72 32 0 60 68 94 98 12 63 98 81 16 80 26 87 58 108 23 0 108 20 15 54 125 2 34 106 21 30 38 68 17 64 27 84 70 119 28 96 94 66
110 34 19 40 76 57 124 54 2 96 84 3 124 125 99 87 70 90 55 33 71 13 116 127 60 8 16 61 39 88 117 19 6 86 40 14 41 62 68 66 28 45 102 2 0 91 106 33 47 61 72 121 7 117 82 50 85 90 68 105 67 5 0 54 23 61 96 71 49 38 71 97 7 21 13 89 115 5 101 61 89 13 112 98 40 7 120 51 54 80 65 75 39 41 122 44 95 80 100 71 63 46 27 35 61 23 111 114 89 111 53 102 107 91 45 101 89 73 7 67 58 0 40 7 43 104 44 73
48 71 61 19 67 66 46 98 0 36 97 119 55 1 101 98 98 127 69 3 53 36 100 30 33 98 114 46 112 23 104 117 35 78 45 46 21 57 67 82 25 41 42 35 52 5 15 101 11 81 65 24 81 11 65 2 99 123 125 88 104 79 87 32 27 30 81 105 48 90 48 113 78 86 64 33 48 17 2 55 74 37 106 46 4 12 57 72 53 57 109 77 58 71 42 80 103 73 16 25 81 16 112 45 84 114 118 8 76 53 96 90 27 104 45 102 106 111 120 42 27 63 63 88 104 64 102 72
113 77 14 90 81 38 29 99 53 26 33 63 54 1 70 44 67 67 36 52 31 86 70 18 30 49 44 109 69 77 103 67 111 77 93 15 103 73 49 88 108 22 120 116 67 118 4 113 82 82 105 48 47 11 63 79 76 70 44 63 22 8 117 78 61 12 74 75 23 42 39 43 93 58 35 102 24 20 86 121 90 58 23 109 57 61 118 126 124 125 4 82 37 99 21 58 39 90 81 68 65 5 89 5 82 13 4 45 31 46 36 28 71 1 49 114 49 5 52 81 61 89 79 60 121 15 50 67
63 82 115 5 97 34 24 43 101 81 10 30 52 70 13 53 31 20 97 113 112 121 27 43 108 1 2 57 125 14 57 120 58 61 8 18 38 8 104 99 49 52 57 36 22 47 22 21 50 67 2 45 37 9 40 120 82 106 45 75 58 96 92 42 120 99 11 104 14 117 11 34 25 31 52 5 92 97 13 6 48 105 90 6 53 75 23 32 44 28 91 14 8 53 88 11 14 28 99 21 42 56 103 100 7 8 32 97 38 45 2 95 64 16 37 32 70 117 64 104 22 122 29 22 57 35 67 119
