32
7372 6864 7243 7495 6276 7861 8507 7983 7060 6877 8567 7105 6865 6687 7611 9404 7317 7868 7174 7302 8038 8677 6609 7954 5829 8017 6757 8617 6690 8512 8866 7451
7809 7502 7594 7416 6063 8541 7833 8214 7398 6663 7771 7353 6957 7113 7865 8164 8171 8968 8059 8045 9011 9148 6409 8855 6252 7998 6574 7975 7856 8293 9292 8850
6765 6381 6199 6747 5616 6658 7091 7332 6131 6304 7616 6869 5145 6456 5818 7956 7088 7030 7525 6817 7191 7851 5292 6808 5115 7310 6722 7625 6612 8493 7551 7930
8615 7560 7206 7895 6306 8326 7804 7952 7022 5882 8563 7417 7455 6376 7590 9292 7946 8496 8387 8634 8945 8312 7465 8723 5941 8242 6521 8711 7023 8816 8962 7654
8236 8205 6934 7319 5674 8195 7944 7613 7633 6588 7716 6137 6779 5901 8218 9308 7556 7145 7783 6983 9188 8503 6575 7652 4921 7473 5842 7770 6745 7611 8372 6997
7578 7439 6064 7003 6435 7281 7662 7427 6847 6524 8469 7329 5843 6571 6995 9253 7118 7776 8179 7210 8148 8905 6965 7804 4940 7517 6479 7946 7691 8403 8570 7266
7265 7677 6640 8037 6361 7973 6935 8027 6992 6904 8084 8274 7610 7121 7888 9016 7376 7699 7220 7283 7494 7897 7609 7994 5604 8414 5456 7390 7940 7924 8658 8492
6669 6469 6336 7298 5738 7150 6736 5803 6120 5347 6517 6606 6476 5737 6377 7736 7240 6766 7147 6325 6669 7667 5743 6717 4801 7190 5717 7089 6017 6997 7695 7228
8186 7368 6680 6243 6104 8226 6849 7879 7040 6151 7131 6034 6827 5919 7312 8463 7131 6602 7096 6802 8186 7739 7223 7107 5053 7226 5958 7015 7237 8218 7490 7585
6609 5780 5359 6608 5031 6422 5845 6722 6321 5213 7388 6670 5770 5402 6225 8813 7145 7281 6763 5972 6759 7112 5626 6417 4958 7155 5608 7477 6410 7970 7655 6461
7298 6680 7308 8445 6264 8713 8472 8932 7487 7340 9051 7768 7413 6171 8018 9722 8235 8024 7768 6622 9048 8186 7944 7888 5862 9130 6814 7593 7450 8752 8824 8460
9549 8766 8537 8517 8011 8979 9437 9637 8513 8443 9831 8140 7917 8016 8863 10936 9148 9316 8772 7902 9588 10923 7782 8959 7401 9389 8131 9560 8590 9702 10356 9606
7352 6738 7085 6815 5405 6882 7671 7069 6256 5714 7232 6616 6530 6251 6536 8466 7416 7421 8447 7090 7337 8335 5783 7618 5616 7475 6941 8083 6469 7424 8015 7274
7719 7056 7024 7869 6747 7943 7854 7676 6382 6554 8345 7440 6877 6823 7449 9336 7335 8882 7805 7708 8943 8536 6757 7949 5928 8616 6954 7671 7300 8020 9188 8497
9216 9076 7970 8598 7137 8989 8933 9516 8268 7619 10032 8809 8151 7427 9432 11122 8945 9218 8925 8078 9516 9351 9057 9606 6230 8869 7203 8623 8358 9302 9857 8703
7426 6774 7474 7663 5747 7769 8002 7538 7483 5801 7411 6982 6994 5641 7043 8785 8228 7153 7461 6765 7704 7952 5889 7556 6301 7730 5905 7464 6640 7709 8599 7891
8110 7499 7107 8286 6996 8623 8009 8132 6982 6440 8144 7281 7132 5838 7861 8453 8110 7996 8541 7463 8878 8987 7401 8571 5564 8452 7049 8155 7227 8722 9306 8297
7442 7072 6615 6707 6342 8717 7796 8025 7984 6786 7841 5940 6440 6138 7114 8022 7265 7143 7481 7214 7624 8677 6385 7071 4652 8085 6288 7770 7807 8349 8683 8134
7036 7694 7617 7615 6042 8404 7615 8673 7608 6672 8732 7777 7482 6212 8395 9128 8461 8500 7653 7532 7652 7769 6992 8332 5806 7886 7166 7802 7278 8570 8314 8195
7430 7019 6265 7060 5682 8045 6704 7793 7317 5878 7675 6629 5765 5867 7686 8957 6769 8002 8307 7076 7761 7421 5668 6856 5250 7086 5979 7268 6569 7964 9154 7738
7382 7344 7225 7297 6214 7454 7311 8011 6337 6071 7917 6811 7431 6112 6954 9336 7730 7970 7059 7091 7846 8596 5588 7829 6569 7985 6942 8259 6380 7698 8926 8170
7709 7101 7174 7157 6309 7888 6835 7498 7094 5892 7112 7138 6634 6835 7546 9194 7084 7841 7940 6670 9002 7994 7525 7491 6005 7869 6038 7717 6939 7952 7946 7623
8901 8741 8236 7813 7394 8340 9166 9084 8238 7340 8990 8042 6515 7123 8077 10133 8510 8895 9323 8627 9238 9050 7673 8730 6506 8550 7071 8422 8669 9369 9117 8775
8503 8814 8823 8480 6702 9736 9152 9143 8357 7462 9036 7841 7989 7087 9069 9477 8697 8302 8417 9323 9621 9020 7823 9180 5506 8648 7555 7474 8137 8975 9468 9831
8274 8377 8063 9772 8408 9140 8445 9298 7886 7136 9374 8397 7441 7327 8200 9731 8957 10855 10308 8885 9849 9523 7682 9173 6121 10548 8284 9703 8898 9490 10174 9640
7763 7543 7407 7658 6745 8069 8073 8303 7144 6805 8120 7133 6914 6699 7599 8679 7765 8424 8802 7390 8574 8815 6596 8135 5550 8645 6836 8239 7762 8081 8656 8443
7344 7477 7315 7428 6924 8421 7810 8438 7375 6351 7842 6643 6895 5954 7879 8685 7804 8539 7081 7559 8077 8435 6400 8261 4674 7698 6835 7703 7380 8385 8917 8430
5908 5716 5869 6357 4951 6582 6857 5814 5708 5394 7058 5921 6118 5659 6299 7102 5578 6570 7504 6081 6772 6912 5564 6561 4208 7330 6243 7296 5735 6416 7188 6041
8843 9037 7195 8157 7060 9486 8476 9138 9090 7589 9175 7702 7740 7007 9212 9501 8824 8028 8595 8362 10063 8817 9162 8282 5822 8983 7127 8063 7854 9325 10368 9433
9456 9990 8985 9373 8475 9876 8597 9018 9115 7385 9594 8836 8580 7877 9415 10715 9699 10001 9200 9307 9592 10132 9056 9602 6616 9745 7745 8726 8684 9690 10016 9822
7990 8645 7347 8081 6186 8116 8219 8554 7987 7097 9652 8414 8361 6662 8446 9809 9375 8645 7661 7766 8155 7933 8378 8614 5608 8481 6233 7489 7715 8132 8714 8151
8234 8153 6968 8521 6760 8446 8698 8273 6914 7806 8851 7859 8196 6994 8217 9343 7366 7421 7871 7573 8749 8719 8649 8541 6623 9162 5818 8139 7897 7802 9010 7652
