64
52 7 53 48 12 22 7 63 21 27 22 25 47 31 36 33 7 13 21 7 61 62 62 16 33 22 55 61 41 27 23 56 58 39 46 45 2 49 34 39 8 20 40 24 33 9 2 54 53 41 20 45 14 2 59 9 52 55 43 43 3 46 13 37
58 29 54 47 62 7 49 40 55 10 28 62 0 7 49 41 1 30 41 39 22 14 7 9 39 39 18 59 23 32 33 59 20 61 33 23 37 50 48 7 11 11 48 1 2 25 28 53 30 2 23 12 28 19 13 11 18 44 30 3 5 7 42 41
1 46 58 29 45 13 17 8 5 43 58 1 31 30 7 59 16 40 34 29 4 32 29 5 7 38 38 3 55 0 6 18 62 18 31 32 24 3 50 39 43 11 18 59 37 29 16 9 59 23 53 12 52 12 23 36 10 6 14 25 6 0 36 28
34 34 6 35 32 5 41 57 16 56 10 53 33 30 29 3 14 20 10 5 28 8 36 7 4 41 13 20 3 1 2 19 16 10 26 51 54 19 24 18 12 52 59 41 24 30 15 16 41 31 20 52 14 9 55 30 34 52 50 25 40 51 15 28
22 40 2 61 45 41 37 22 38 49 39 35 2 47 13 18 7 9 48 55 32 32 18 12 0 50 9 23 21 60 60 56 10 59 52 21 17 45 49 12 22 33 40 24 23 9 2 43 0 53 62 2 32 8 42 11 27 24 30 52 45 12 63 51
23 39 15 45 42 19 53 12 14 38 31 0 30 40 21 0 46 6 0 63 7 0 16 26 23 6 14 10 63 34 38 13 15 56 22 60 8 54 20 53 58 19 13 9 34 29 13 60 8 25 29 21 11 4 23 43 49 3 28 2 25 46 33 56
22 31 5 14 16 8 15 0 11 19 11 40 1 34 52 61 9 28 14 55 19 29 25 21 48 36 15 4 52 27 32 34 10 15 13 63 47 21 43 15 49 23 19 20 53 58 56 44 35 37 16 60 49 6 19 13 25 63 63 63 34 54 19 55
2 33 56 35 4 25 1 2 50 15 8 32 11 0 39 25 59 38 46 11 29 0 52 20 62 59 47 18 28 55 50 44 5 60 3 27 48 6 41 13 29 55 35 60 34 28 13 37 51 15 18 8 49 30 24 24 27 43 40 21 53 3 43 13
61 16 56 41 10 25 33 48 59 6 52 51 18 10 32 47 51 59 2 17 59 40 8 10 39 22 5 12 26 63 22 15 37 41 48 1 35 62 48 42 14 24 15 33 28 42 42 10 62 2 35 25 28 34 54 48 15 36 26 44 2 34 20 52
60 62 15 29 2 32 29 38 2 25 56 20 5 1 47 57 9 12 30 32 26 3 31 8 35 43 8 34 59 13 41 14 41 44 13 60 51 2 49 22 14 27 4 52 15 48 13 42 63 42 12 43 20 28 46 45 47 42 57 37 29 42 24 42
42 39 1 19 9 43 31 37 23 17 24 29 29 21 20 0 25 41 54 14 41 7 8 18 47 61 28 11 60 47 14 33 31 8 16 61 19 25 7 48 6 2 50 5 59 16 42 20 32 4 4 37 24 11 2 40 14 56 58 50 19 12 27 35
20 59 55 54 0 29 9 30 49 18 42 63 53 58 62 38 25 46 3 50 55 14 30 42 56 3 48 18 0 0 38 28 60 9 45 2 52 62 5 24 60 33 33 55 48 48 40 20 10 26 20 53 46 62 56 35 41 13 48 61 19 52 48 19
13 33 42 22 28 42 49 0 31 59 22 23 29 2 51 17 34 27 37 51 11 5 41 29 11 38 12 7 14 4 16 1 55 56 33 32 34 49 59 43 61 25 58 14 24 63 13 36 61 42 43 22 0 53 26 55 55 60 28 5 13 0 32 4
1 20 34 12 9 61 26 38 22 2 35 47 34 22 63 60 7 48 32 0 54 45 23 9 31 28 1 62 48 18 30 18 51 1 34 41 14 3 24 30 2 2 62 24 0 23 41 52 31 55 63 37 41 47 4 35 22 24 33 3 17 42 7 53
59 27 3 55 41 6 18 5 17 43 62 26 4 21 8 48 31 14 22 38 41 45 44 16 57 57 47 29 18 19 49 37 11 19 15 26 26 16 62 39 31 10 42 8 56 13 25 18 20 56 33 21 48 62 30 56 40 41 19 14 26 25 42 18
40 48 5 44 16 36 31 38 11 25 19 17 32 0 23 22 31 13 32 39 54 13 30 58 2 32 35 7 34 22 24 45 33 55 18 25 46 3 22 0 25 18 50 47 20 21 51 18 38 13 54 58 1 63 34 61 4 54 32 16 9 52 4 25
24 5 27 27 30 22 38 53 52 63 28 58 47 44 51 44 46 0 24 29 39 20 3 13 3 26 32 23 11 34 17 54 9 10 1 38 47 63 24 17 39 20 59 59 30 37 51 25 55 54 17 16 62 33 42 59 24 14 34 8 47 53 63 23
43 21 8 15 24 30 4 38 52 35 5 0 22 25 41 9 52 47 52 54 7 52 47 51 16 28 34 20 4 59 18 6 3 42 24 47 5 24 42 60 15 56 39 24 2 39 53 56 0 38 42 17 58 18 2 55 50 15 24 23 4 26 37 44
7 9 13 12 25 62 49 36 42 25 27 63 49 54 38 44 33 50 6 35 53 49 35 56 49 47 39 44 2 19 20 61 19 9 47 15 61 54 47 34 11 33 39 34 30 58 34 8 35 53 14 20 41 30 37 23 0 40 50 30 14 20 0 7
7 9 3 1 21 55 20 4 0 57 50 41 42 51 2 23 27 4 35 0 60 53 60 25 1 3 45 4 47 37 26 9 31 57 30 19 12 16 37 27 32 39 31 59 59 54 11 23 2 6 11 25 22 58 28 2 39 54 35 50 42 43 6 55
62 17 35 34 33 0 50 32 5 50 63 13 61 17 4 6 16 35 51 42 42 46 16 31 48 61 43 46 27 51 23 54 41 54 63 23 30 13 37 3 20 62 26 25 59 63 59 29 31 63 34 37 61 32 34 24 7 9 17 38 21 58 55 23
21 34 28 32 36 3 53 53 59 59 38 3 17 23 42 34 19 22 24 6 57 34 18 50 51 19 0 27 38 10 42 49 19 32 61 27 9 6 59 32 62 24 47 58 30 14 4 31 49 38 21 26 41 7 11 34 38 24 0 19 30 43 12 59
16 33 54 28 18 33 17 38 7 58 9 27 63 38 32 25 33 63 29 5 25 35 43 53 4 29 17 55 18 36 51 35 22 13 35 50 5 21 20 52 46 29 50 52 61 17 27 40 62 44 27 8 23 46 39 35 58 39 59 29 21 17 47 36
11 37 40 54 11 49 2 1 62 31 24 24 22 40 52 9 49 45 28 49 0 9 4 25 54 36 15 8 25 6 19 23 49 25 59 20 50 54 9 50 61 28 25 49 2 55 60 47 47 10 58 54 29 39 1 62 7 1 10 26 43 26 59 4
60 40 34 38 3 51 53 16 35 25 30 18 12 47 29 31 63 48 62 62 62 34 26 6 8 18 49 13 7 26 41 40 33 56 49 1 44 16 9 11 18 2 29 38 56 40 18 9 37 30 41 57 37 50 0 53 29 3 54 57 14 52 54 44
21 33 36 41 25 3 25 40 26 36 35 58 52 32 1 43 42 50 16 50 31 16 26 14 50 25 59 31 61 38 2 31 17 20 13 42 48 12 12 9 23 57 18 31 27 44 28 1 17 21 47 61 56 6 20 58 8 38 22 24 4 14 30 55
46 54 20 58 41 1 18 61 49 32 27 39 57 11 26 19 52 14 25 50 55 19 5 14 58 2 36 43 21 19 15 54 43 22 60 50 55 20 50 62 7 22 48 8 24 34 45 49 56 56 39 56 63 27 36 54 13 16 6 5 56 9 31 28
49 16 6 17 53 61 5 54 45 57 10 5 35 23 17 51 45 42 34 40 42 42 18 30 60 43 27 61 2 58 33 53 40 12 36 1 54 35 2 60 40 59 43 23 63 2 27 60 6 22 15 61 4 58 54 56 63 10 45 41 27 1 18 59
32 18 34 34 24 35 63 3 9 50 38 54 45 12 54 33 36 11 40 7 58 39 56 51 37 55 9 45 40 29 18 39 33 32 2 29 7 54 18 11 53 2 15 6 22 9 8 28 59 41 41 38 28 17 46 54 61 3 43 61 61 2 6 14
14 17 26 54 22 26 63 41 20 17 2 28 24 55 26 3 5 35 35 27 38 10 39 23 2 58 54 31 15 47 52 22 44 10 57 36 56 14 25 3 2 60 7 47 50 55 17 44 2 48 30 54 54 14 3 39 58 15 40 1 20 50 3 26
7 14 20 27 14 8 54 15 7 10 24 62 50 15 24 59 34 49 14 58 30 55 60 2 63 48 22 59 39 50 6 5 20 51 55 26 37 39 49 45 61 26 17 43 33 18 56 14 59 31 37 35 40 4 16 53 33 59 29 21 17 18 45 62
7 27 11 1 48 58 2 51 55 52 63 13 33 59 51 35 6 43 50 63 1 25 18 61 17 22 37 10 63 12 10 12 7 3 36 55 13 9 32 17 25 25 61 21 51 62 51 52 58 16 30 42 45 42 19 6 16 14 26 3 63 52 28 43
13 12 42 29 38 4 26 46 9 36 10 53 1 40 25 63 58 1 2 15 23 58 27 27 0 31 47 42 19 18 46 47 54 58 41 54 29 2 40 6 56 55 57 12 24 58 33 14 51 32 63 51 24 45 51 36 21 11 34 39 39 55 52 9
62 39 12 4 9 34 27 1 5 30 44 16 40 43 5 37 5 50 54 13 22 42 24 15 50 36 11 39 10 22 46 9 8 60 61 12 5 7 40 29 39 52 53 55 4 35 32 59 28 55 0 49 26 8 40 18 60 34 29 43 36 52 39 27
60 24 27 33 54 19 24 58 1 50 29 4 53 61 24 27 15 28 39 25 0 51 11 19 59 22 62 23 34 13 21 10 20 62 20 44 42 3 50 33 57 60 62 18 20 7 46 17 10 52 39 28 37 19 57 63 0 1 26 4 25 6 51 52
6 42 3 39 27 21 43 11 18 23 37 14 6 20 8 38 13 16 13 61 34 26 32 7 7 53 47 20 9 38 36 9 61 11 16 8 47 16 33 25 58 61 37 0 12 58 17 41 45 0 10 40 29 22 23 56 44 35 61 10 33 33 0 16
6 47 42 58 14 28 13 36 53 22 54 55 29 44 41 42 5 43 23 12 8 37 33 55 2 57 60 7 46 8 36 0 16 50 40 49 25 7 5 57 58 29 16 25 39 42 9 35 36 29 20 63 58 61 8 6 23 1 62 24 17 0 24 20
24 41 8 34 36 44 17 50 10 37 55 31 61 7 52 59 48 63 31 2 48 30 28 23 50 6 35 53 36 28 3 26 4 27 14 18 52 39 21 37 7 19 0 56 0 33 35 26 46 17 46 56 21 19 0 3 52 48 21 49 20 46 63 7
35 45 0 35 35 45 31 44 25 26 24 27 49 20 34 28 16 16 36 36 7 32 52 36 60 9 21 2 14 55 23 31 17 43 62 31 0 60 50 55 55 7 21 55 22 15 7 60 19 12 39 15 53 50 43 57 8 38 14 25 18 30 30 63
13 17 42 17 10 55 2 32 15 40 28 16 48 46 13 60 18 44 57 56 35 42 54 20 16 39 1 21 54 38 42 50 9 25 5 16 37 57 38 7 34 52 53 60 21 34 38 61 61 30 5 5 63 62 2 51 60 41 36 4 3 45 63 49
19 17 25 10 24 57 63 18 42 29 3 60 43 36 59 47 9 29 62 22 18 25 10 42 16 47 49 57 48 21 41 38 44 40 27 12 3 58 24 8 2 31 46 5 4 10 41 62 49 40 29 21 10 60 61 32 50 7 15 14 14 56 53 43
49 53 6 5 28 54 41 28 1 34 23 61 31 41 26 18 54 52 40 42 49 13 0 19 26 17 15 34 44 23 39 12 3 49 21 12 25 13 41 52 42 16 31 49 18 20 12 20 35 21 24 53 36 47 40 16 19 32 49 3 49 4 14 23
63 21 47 56 50 62 55 46 6 8 28 43 62 53 20 16 48 19 29 58 54 29 25 54 12 15 50 18 46 46 49 45 18 28 6 31 40 62 18 31 38 32 47 12 33 10 14 8 58 59 12 13 36 27 8 51 60 45 16 32 45 15 25 42
11 62 39 42 8 48 21 46 16 2 18 9 61 3 59 27 50 17 17 4 8 9 58 55 1 62 54 60 11 11 38 2 11 2 61 48 37 62 15 40 27 42 33 57 9 25 28 19 35 48 4 62 0 54 15 53 0 12 15 14 53 56 31 4
59 2 1 19 37 7 54 29 3 6 46 62 56 39 44 20 63 10 43 47 9 4 52 26 34 33 47 10 17 56 49 1 8 48 16 20 0 56 60 44 3 31 53 23 45 11 47 47 24 63 40 4 58 20 43 55 55 3 13 41 43 16 13 63
62 50 34 56 53 34 39 27 5 58 39 7 16 6 63 32 27 22 17 37 23 28 40 14 7 61 55 0 38 59 38 17 11 20 4 36 18 27 50 1 50 53 47 3 5 4 41 4 49 23 40 14 31 27 62 13 4 30 22 14 54 24 34 3
19 29 38 2 52 35 11 44 55 49 1 16 22 32 35 5 24 54 34 27 47 56 59 43 53 30 48 45 54 47 3 7 23 23 34 42 25 40 13 25 31 36 44 59 6 46 15 2 62 21 19 14 47 61 13 20 39 15 25 13 26 18 16 33
29 33 13 15 15 8 21 62 11 32 50 1 30 55 24 55 40 58 43 56 42 63 45 27 24 32 12 31 50 33 23 9 5 15 56 35 60 17 50 61 34 47 58 31 58 14 41 53 19 19 25 13 22 55 37 48 57 18 50 55 19 50 7 21
13 2 42 11 49 16 3 7 13 48 49 31 61 12 30 44 50 41 35 22 30 34 58 45 61 24 31 38 2 35 31 18 20 37 19 49 12 36 20 54 58 49 58 25 49 24 62 14 47 9 24 25 53 37 62 20 41 33 48 10 27 55 54 13
31 39 29 7 21 61 44 45 52 20 6 57 30 55 51 48 26 41 61 11 17 20 49 24 46 27 27 0 6 26 25 52 23 2 52 26 47 34 2 5 56 60 62 32 44 7 52 13 35 40 11 47 63 22 60 25 55 37 60 41 5 21 34 20
26 50 11 61 29 13 27 59 45 26 63 6 18 10 47 23 3 63 29 19 20 44 33 9 44 53 41 44 19 48 39 25 24 12 15 21 12 55 47 7 12 21 39 6 49 25 25 61 3 46 27 39 55 62 38 36 26 12 4 5 2 2 26 34
33 61 4 26 47 48 8 9 42 49 9 35 44 36 2 29 6 50 7 44 46 23 62 2 58 58 62 0 37 59 1 1 33 20 0 26 36 45 14 58 57 49 39 50 44 25 27 11 57 59 34 48 21 0 24 56 56 19 15 33 14 51 16 0
53 29 45 20 58 2 50 4 30 30 2 0 28 8 47 35 47 25 17 57 59 13 63 49 13 11 17 5 14 51 30 38 8 50 48 53 33 20 19 38 24 26 36 27 42 53 35 22 35 14 55 13 31 43 3 33 24 56 57 8 39 38 31 48
59 20 15 41 23 1 13 20 3 41 40 27 58 25 26 12 38 63 32 41 37 30 29 52 7 56 33 52 10 1 16 26 43 46 8 35 26 17 36 45 57 43 0 51 23 11 43 62 46 31 24 32 10 21 29 7 51 48 16 28 11 17 47 32
45 47 50 49 36 12 36 18 35 35 12 1 17 11 33 2 44 30 48 24 37 36 38 19 32 53 26 41 43 59 63 58 11 49 58 60 38 37 51 62 51 1 35 18 50 8 52 45 62 12 20 49 26 49 43 57 41 24 3 39 36 41 29 36
4 63 18 2 24 24 8 38 39 58 9 59 46 16 56 40 12 27 4 58 21 18 2 34 15 24 45 20 4 37 40 43 36 44 18 17 39 26 39 58 34 43 63 55 39 33 32 25 56 57 41 33 8 21 55 62 36 20 15 46 28 37 20 1
58 42 3 58 42 44 45 40 17 50 33 48 49 27 47 61 60 58 24 62 44 19 22 48 1 4 4 50 4 11 6 40 2 27 59 45 23 39 16 1 19 13 61 17 57 10 62 13 1 59 20 41 24 47 56 55 60 36 45 35 33 12 48 54
33 60 39 16 61 50 54 53 3 23 27 41 23 43 53 33 26 57 35 55 44 13 1 15 32 40 20 45 10 39 8 45 30 43 54 17 47 1 27 60 41 49 16 16 45 2 43 63 41 59 49 28 29 32 48 20 8 61 50 48 43 31 7 31
5 59 4 63 10 51 55 36 54 30 23 27 12 32 17 18 0 20 34 23 24 55 22 33 21 12 60 44 13 36 27 7 14 26 20 0 55 22 16 32 34 51 50 38 25 22 34 14 17 49 25 8 11 6 27 39 18 23 23 29 34 63 47 7
11 1 63 48 9 11 59 61 14 32 23 28 60 22 58 54 58 50 32 14 48 6 43 22 6 34 63 53 48 38 45 32 21 31 52 61 13 23 57 51 53 4 16 55 10 29 4 36 12 31 54 29 13 3 26 61 61 11 18 9 3 63 0 56
39 32 46 28 12 48 14 3 61 9 48 55 47 46 1 12 54 9 16 32 30 29 63 50 2 0 28 39 6 56 52 33 42 0 42 61 29 34 10 52 54 50 57 36 59 59 43 10 14 51 61 61 34 10 37 34 59 31 31 26 23 37 25 57
32 56 44 39 24 47 16 19 50 53 3 25 58 54 31 4 15 24 44 48 36 34 28 12 43 15 47 16 13 61 40 57 34 63 36 41 46 15 16 58 25 13 44 17 40 48 16 38 22 53 58 4 44 53 6 26 14 13 22 6 55 49 56 46
11 9 47 44 35 32 38 23 51 33 34 21 7 34 49 39 24 50 10 39 7 6 62 14 16 40 61 45 53 47 32 6 25 0 52 44 15 20 16 63 21 44 39 13 42 9 29 44 20 11 0 53 62 26 35 52 42 34 61 61 37 21 61 52
13 46 0 62 33 2 11 44 9 1 30 52 13 3 25 4 59 34 48 20 58 44 47 33 63 2 57 30 48 51 7 31 39 54 63 33 62 37 1 11 16 48 27 19 6 22 16 20 29 2 55 0 29 14 34 49 3 9 29 54 9 37 7 11
